#------------------------------------------------------------
#    Intel(R) MPI Benchmarks 2019 Update 6, IMB-P2P part
#------------------------------------------------------------
# Date                  : Wed Sep 16 18:23:20 2020
# Machine               : x86_64
# System                : Linux
# Release               : 4.18.0-193.19.1.el8_2.x86_64
# Version               : #1 SMP Wed Aug 26 15:29:02 EDT 2020
# MPI Version           : 3.1
# MPI Thread Environment:
#
# Calling sequence was:
#
# IMB-P2P
#
# List of Benchmarks to run:
#
# PingPong
# PingPing
# Unirandom
# Birandom
# Corandom
# Stencil2D
# Stencil3D
#
# Minimum message length in bytes:   0
# Maximum message length in bytes:   4194304
#

#----------------------------------------------------------------
# Benchmarking PingPong
# #processes = 2
#----------------------------------------------------------------
       #bytes #repetitions      t[usec]   Mbytes/sec      Msg/sec
            0       100000        10.17         0.00        98320
            1       100000        12.37         0.08        80810
            2       100000        12.21         0.16        81933
            4       100000        12.60         0.32        79355
            8       100000        12.40         0.65        80648
           16       100000        12.62         1.27        79254
           32       100000        12.76         2.51        78368
           64       100000        12.99         4.93        76966
          128       100000        12.75        10.04        78403
          256       100000        13.06        19.60        76555
          512       100000        14.58        35.11        68582
         1024       100000        15.23        67.24        65666
         2048       100000        21.10        97.07        47397
         4096       100000        22.30       183.64        44834
         8192       100000        20.37       402.06        49080
        16384        51200        38.84       421.81        25745
        32768        25600        44.22       741.10        22616
        65536        12800        71.02       922.73        14080
       131072         6400       134.40       975.21         7440
       262144         3200       225.24      1163.82         4440
       524288         1600       342.08      1532.64         2923
      1048576          800       527.24      1988.75         1897
      2097152          400      1006.21      2084.15          994
      4194304          200      1832.84      2288.19          546

#----------------------------------------------------------------
# Benchmarking PingPing
# #processes = 2
#----------------------------------------------------------------
       #bytes #repetitions      t[usec]   Mbytes/sec      Msg/sec
            0       100000        20.61         0.00        97023
            1       100000        20.53         0.10        97426
            2       100000        20.40         0.20        98030
            4       100000        19.48         0.41       102643
            8       100000        19.91         0.80       100459
           16       100000        21.65         1.48        92396
           32       100000        18.85         3.40       106118
           64       100000        19.83         6.46       100872
          128       100000        21.02        12.18        95133
          256       100000        20.49        24.98        97597
          512       100000        19.25        53.20       103916
         1024       100000        16.22       126.25       123294
         2048       100000        27.07       151.34        73895
         4096       100000        28.56       286.83        70028
         8192       100000        29.35       558.25        68146
        16384        51200        48.45       676.33        41280
        32768        25600        54.06      1212.20        36993
        65536        12800        88.48      1481.36        22604
       131072         6400       195.66      1339.76        10222
       262144         3200       220.88      2373.65         9055
       524288         1600       425.05      2466.85         4705
      1048576          800       717.44      2923.05         2788
      2097152          400      1304.13      3215.98         1533
      4194304          200      2568.80      3265.11          778

#----------------------------------------------------------------
# Benchmarking Unirandom
# #processes = 2
#----------------------------------------------------------------
       #bytes #repetitions      t[usec]   Mbytes/sec      Msg/sec
            0       100000        28.94         0.00        69098
            1       100000        28.60         0.07        69931
            2       100000        28.87         0.14        69265
            4       100000        27.29         0.29        73299
            8       100000        28.08         0.57        71216
           16       100000        30.13         1.06        66385
           32       100000        27.44         2.33        72883
           64       100000        25.69         4.98        77864
          128       100000        29.97         8.54        66726
          256       100000        29.62        17.29        67531
          512       100000        32.21        31.79        62085
         1024       100000        28.15        72.74        71036
         2048       100000        32.42       126.33        61684
         4096       100000        35.82       228.67        55829
         8192       100000        36.65       446.99        54564
        16384        51200        57.73       567.62        34645
        32768        25600        80.56       813.44        24824
        65536        12800       135.75       965.51        14732
       131072         6400       224.18      1169.31         8921
       262144         3200       439.81      1192.07         4547
       524288         1600       616.64      1700.46         3243
      1048576          800      1048.29      2000.33         1908
      2097152          400      1907.36      2198.92         1049
      4194304          200      3592.71      2334.82          557

#----------------------------------------------------------------
# Benchmarking Birandom
# #processes = 2
#----------------------------------------------------------------
       #bytes #repetitions      t[usec]   Mbytes/sec      Msg/sec
            0       100000        20.72         0.00        96520
            1       100000        19.43         0.10       102943
            2       100000        20.14         0.20        99290
            4       100000        19.44         0.41       102859
            8       100000        19.91         0.80       100463
           16       100000        19.76         1.62       101205
           32       100000        19.60         3.26       102030
           64       100000        20.43         6.26        97886
          128       100000        20.57        12.45        97231
          256       100000        20.45        25.04        97806
          512       100000        16.45        62.26       121603
         1024       100000        18.01       113.71       111048
         2048       100000        27.90       146.81        71686
         4096       100000        28.84       284.04        69347
         8192       100000        29.64       552.83        67485
        16384        51200        47.91       683.99        41747
        32768        25600        56.27      1164.65        35542
        65536        12800        86.46      1516.02        23133
       131072         6400       181.20      1446.65        11037
       262144         3200       219.05      2393.43         9130
       524288         1600       389.69      2690.78         5132
      1048576          800       699.35      2998.65         2860
      2097152          400      1307.72      3207.31         1529
      4194304          200      2521.35      3326.99          793

#----------------------------------------------------------------
# Benchmarking Corandom
# #processes = 2
#----------------------------------------------------------------
       #bytes #repetitions      t[usec]   Mbytes/sec      Msg/sec
            0       100000        20.02         0.00        99893
            1       100000        20.95         0.10        95479
            2       100000        20.19         0.20        99059
            4       100000        20.31         0.39        98491
            8       100000        20.54         0.78        97392
           16       100000        19.93         1.61       100355
           32       100000        20.72         3.09        96523
           64       100000        19.28         6.64       103750
          128       100000        20.06        12.76        99705
          256       100000        20.41        25.09        98013
          512       100000        15.89        64.46       125896
         1024       100000        16.38       125.03       122096
         2048       100000        27.90       146.81        71687
         4096       100000        28.03       292.22        71343
         8192       100000        28.61       572.66        69905
        16384        51200        47.66       687.50        41962
        32768        25600        56.18      1166.57        35601
        65536        12800        90.77      1444.04        22034
       131072         6400       185.96      1409.65        10755
       262144         3200       212.56      2466.47         9409
       524288         1600       391.72      2676.85         5106
      1048576          800       690.73      3035.91         2895
      2097152          400      1292.32      3245.40         1548
      4194304          200      2598.88      3227.30          769

# !! Benchmark Stencil2D is invalid for 2 processes !!

# !! Benchmark Stencil3D is invalid for 2 processes !!


# All processes entering MPI_Finalize

