#------------------------------------------------------------
#    Intel(R) MPI Benchmarks 2019 Update 6, IMB-P2P part
#------------------------------------------------------------
# Date                  : Thu Sep 17 02:24:50 2020
# Machine               : x86_64
# System                : Linux
# Release               : 4.18.0-193.19.1.el8_2.x86_64
# Version               : #1 SMP Wed Aug 26 15:29:02 EDT 2020
# MPI Version           : 3.1
# MPI Thread Environment:
#
# Calling sequence was:
#
# IMB-P2P
#
# List of Benchmarks to run:
#
# PingPong
# PingPing
# Unirandom
# Birandom
# Corandom
# Stencil2D
# Stencil3D
#
# Minimum message length in bytes:   0
# Maximum message length in bytes:   4194304
#

#----------------------------------------------------------------
# Benchmarking PingPong
# #processes = 80
#----------------------------------------------------------------
       #bytes #repetitions      t[usec]   Mbytes/sec      Msg/sec
            0       100000         1.19         0.00     32886189
            1       100000         1.19        33.45     33446989
            2       100000         1.19        66.48     33240604
            4       100000         1.19       133.47     33367099
            8       100000         1.18       268.19     33523801
           16       100000         1.19       532.05     33253212
           32       100000         1.27       998.24     31194935
           64       100000         1.30      1956.76     30574331
          128       100000         1.92      2657.19     20759327
          256       100000         2.06      4953.17     19348318
          512       100000         2.32      8737.96     17066337
         1024       100000         2.62     15336.68     14977222
         2048       100000         3.12     26147.02     12767098
         4096       100000         4.31     37839.96      9238271
         8192       100000        11.08     28783.49      3513609
        16384        51200        13.68     47714.02      2912233
        32768        25600        29.62     44036.58      1343890
        65536        12800        85.15     28433.02       433853
       131072         6400       172.78     28570.36       217975
       262144         3200       350.63     28393.59       108313
       524288         1600       672.08     30669.60        58498
      1048576          800      1318.11     29981.42        28593
      2097152          400      2336.89     35617.12        16984
      4194304          200      4349.48     38051.88         9072

#----------------------------------------------------------------
# Benchmarking PingPing
# #processes = 80
#----------------------------------------------------------------
       #bytes #repetitions      t[usec]   Mbytes/sec      Msg/sec
            0       100000         1.32         0.00     59994773
            1       100000         1.32        60.11     60105907
            2       100000         1.32       120.27     60132862
            4       100000         1.32       240.71     60176613
            8       100000         1.30       485.15     60643172
           16       100000         1.32       957.36     59835000
           32       100000         1.40      1809.18     56536796
           64       100000         1.42      3564.68     55698088
          128       100000         2.15      4701.55     36730884
          256       100000         2.30      8774.24     34274360
          512       100000         2.55     15753.23     30768033
         1024       100000         2.93     27646.16     26998202
         2048       100000         4.13     39187.01     19134280
         4096       100000         7.00     46648.79     11388865
         8192       100000        22.81     28296.94      3454216
        16384        51200        37.22     34809.06      2124576
        32768        25600        65.31     39760.85      1213405
        65536        12800       117.21     43068.00       657166
       131072         6400       221.74     45256.02       345276
       262144         3200       430.90     46674.33       178048
       524288         1600       869.84     46623.87        88928
      1048576          800      1705.32     49065.95        46793
      2097152          400      3407.30     49064.09        23396
      4194304          200      6832.50     48962.65        11674

#----------------------------------------------------------------
# Benchmarking Unirandom
# #processes = 80
#----------------------------------------------------------------
       #bytes #repetitions      t[usec]   Mbytes/sec      Msg/sec
            0       100000         5.73         0.00     13970735
            1       100000         5.71        14.02     14021489
            2       100000         5.65        28.34     14167516
            4       100000         5.73        55.80     13950230
            8       100000         5.73       111.75     13968942
           16       100000         5.65       226.46     14153755
           32       100000         5.77       443.71     13866021
           64       100000         5.97       857.87     13404164
          128       100000         6.80      1506.38     11768609
          256       100000         6.97      2940.21     11485202
          512       100000         7.85      5215.13     10185799
         1024       100000         8.51      9626.39      9400772
         2048       100000        15.47     10593.43      5172573
         4096       100000        18.03     18170.93      4436263
         8192       100000        27.41     23909.09      2918590
        16384        51200        42.00     31208.54      1904818
        32768        25600        76.89     34093.06      1040438
        65536        12800       193.70     27065.02       412979
       131072         6400       368.37     28460.41       217136
       262144         3200       719.22     29149.97       111198
       524288         1600      1418.29     29554.46        56371
      1048576          800      2814.47     29774.54        28395
      2097152          400      5799.52     28867.89        13765
      4194304          200     11827.89     28257.12         6737

#----------------------------------------------------------------
# Benchmarking Birandom
# #processes = 80
#----------------------------------------------------------------
       #bytes #repetitions      t[usec]   Mbytes/sec      Msg/sec
            0       100000         6.12         0.00     13069216
            1       100000         6.06        13.21     13211472
            2       100000         6.19        25.85     12924387
            4       100000         6.09        52.57     13142955
            8       100000         6.04       105.97     13245880
           16       100000         6.09       210.02     13126036
           32       100000         6.24       410.19     12818282
           64       100000         6.61       774.49     12101351
          128       100000         7.38      1388.44     10847179
          256       100000         7.62      2686.93     10495811
          512       100000         8.49      4824.24      9422345
         1024       100000         9.49      8630.83      8428545
         2048       100000        15.54     10541.37      5147155
         4096       100000        18.89     17350.65      4235998
         8192       100000        29.25     22403.16      2734760
        16384        51200        42.54     30809.18      1880443
        32768        25600        77.11     33993.64      1037404
        65536        12800       158.03     33175.20       506213
       131072         6400       301.40     34785.73       265394
       262144         3200       583.47     35933.92       137077
       524288         1600      1152.59     36369.54        69369
      1048576          800      2322.35     36091.51        34420
      2097152          400      4867.03     34408.40        16407
      4194304          200      9884.19     33842.77         8069

#----------------------------------------------------------------
# Benchmarking Corandom
# #processes = 80
#----------------------------------------------------------------
       #bytes #repetitions      t[usec]   Mbytes/sec      Msg/sec
            0       100000         3.57         0.00     22409261
            1       100000         3.57        22.43     22428554
            2       100000         3.58        44.64     22321279
            4       100000         3.54        90.40     22599534
            8       100000         3.51       182.32     22789533
           16       100000         3.53       362.60     22662650
           32       100000         3.64       703.62     21988251
           64       100000         3.90      1313.03     20516163
          128       100000         4.21      2433.84     19014378
          256       100000         4.34      4718.36     18431111
          512       100000         4.79      8557.12     16713135
         1024       100000         4.98     16435.13     16049928
         2048       100000         8.03     20393.09      9957565
         4096       100000        10.27     31906.85      7789759
         8192       100000        17.99     36425.69      4446495
        16384        51200        33.71     38881.92      2373164
        32768        25600        65.82     39826.23      1215400
        65536        12800       145.56     36016.50       549568
       131072         6400       286.18     36636.51       279514
       262144         3200       569.90     36791.33       140348
       524288         1600      1117.91     37509.12        71543
      1048576          800      2214.86     37854.27        36101
      2097152          400      4446.86     37690.27        17972
      4194304          200      8849.49     37813.54         9015

#----------------------------------------------------------------
# Benchmarking Stencil2D (8 x 10)
# #processes = 80
#----------------------------------------------------------------
       #bytes #repetitions      t[usec]   Mbytes/sec      Msg/sec
            0       100000         1.37         0.00     58361352
            1       100000         1.38        57.90     57896996
            2       100000         1.39       115.44     57721988
            4       100000         1.38       231.64     57910934
            8       100000         1.38       463.92     57989807
           16       100000         1.41       908.25     56765442
           32       100000         1.41      1815.89     56746570
           64       100000         1.43      3583.61     55993846
          128       100000         1.57      6540.64     51098744
          256       100000         1.62     12604.71     49237157
          512       100000         1.69     24304.39     47469509
         1024       100000         1.86     44094.47     43061008
         2048       100000         2.99     54718.58     26718057
         4096       100000         4.14     79138.50     19320922
         8192       100000         7.93     82653.58     10089548
        16384        51200        15.57     84177.66      5137797
        32768        25600        30.89     84869.05      2589998
        65536        12800        61.62     85076.62      1298166
       131072         6400       122.60     85516.87       652442
       262144         3200       243.17     86219.92       328903
       524288         1600       577.58     72611.33       138495
      1048576          800      1246.90     67261.48        64146
      2097152          400      2369.01     70785.36        33753
      4194304          200      4798.52     69859.11        16656

#----------------------------------------------------------------
# Benchmarking Stencil3D (4 x 5 x 4)
# #processes = 80
#----------------------------------------------------------------
       #bytes #repetitions      t[usec]   Mbytes/sec      Msg/sec
            0       100000         1.08         0.00     73974515
            1       100000         1.07        74.43     74432802
            2       100000         1.08       148.77     74384681
            4       100000         1.11       288.97     72241304
            8       100000         1.07       598.16     74770251
           16       100000         1.08      1183.81     73988277
           32       100000         1.12      2279.10     71221887
           64       100000         1.13      4547.77     71058942
          128       100000         1.25      8168.11     63813361
          256       100000         1.31     15683.06     61261968
          512       100000         1.34     30508.22     59586370
         1024       100000         1.56     52430.62     51201775
         2048       100000         2.50     65660.87     32060970
         4096       100000         5.33     61469.47     15007196
         8192       100000        10.38     63115.09      7704479
        16384        51200        20.62     63562.30      3879535
        32768        25600        41.01     63919.24      1950660
        65536        12800        81.94     63981.73       976284
       131072         6400       168.65     62167.69       474302
       262144         3200       326.16     64289.19       245244
       524288         1600       655.22     64007.65       122085
      1048576          800      1363.09     61530.20        58680
      2097152          400      2590.87     64728.85        30865
      4194304          200      5192.23     64550.49        15390


# All processes entering MPI_Finalize

