#------------------------------------------------------------
#    Intel(R) MPI Benchmarks 2019 Update 6, IMB-P2P part
#------------------------------------------------------------
# Date                  : Wed Sep 16 18:28:56 2020
# Machine               : x86_64
# System                : Linux
# Release               : 4.18.0-193.19.1.el8_2.x86_64
# Version               : #1 SMP Wed Aug 26 15:29:02 EDT 2020
# MPI Version           : 3.1
# MPI Thread Environment:
#
# Calling sequence was:
#
# IMB-P2P
#
# List of Benchmarks to run:
#
# PingPong
# PingPing
# Unirandom
# Birandom
# Corandom
# Stencil2D
# Stencil3D
#
# Minimum message length in bytes:   0
# Maximum message length in bytes:   4194304
#

#----------------------------------------------------------------
# Benchmarking PingPong
# #processes = 80
#----------------------------------------------------------------
       #bytes #repetitions      t[usec]   Mbytes/sec      Msg/sec
            0       100000        18.73         0.00      1506080
            1       100000        18.71         1.57      1565076
            2       100000        18.66         3.14      1571933
            4       100000        18.78         6.77      1693587
            8       100000        18.72        13.42      1677781
           16       100000        18.74        26.94      1683685
           32       100000        18.36        55.31      1728284
           64       100000        18.56       108.31      1692365
          128       100000        18.65       211.69      1653835
          256       100000        18.84       424.02      1656317
          512       100000        21.66       745.26      1455594
         1024       100000        22.37      1488.24      1453363
         2048       100000        31.07      2020.51       986578
         4096       100000        32.97      3789.33       925128
         8192       100000        38.09      6466.80       789404
        16384        51200        63.32      7668.97       468077
        32768        25600        93.65      9824.21       299811
        65536        12800       162.36     11451.56       174737
       131072         6400       321.38      7295.84        55663
       262144         3200       608.78      6580.70        25103
       524288         1600      1150.57      7017.01        13384
      1048576          800      2666.66      6796.79         6482
      2097152          400      4663.04      8335.44         3975
      4194304          200      8485.66     10552.52         2516

#----------------------------------------------------------------
# Benchmarking PingPing
# #processes = 80
#----------------------------------------------------------------
       #bytes #repetitions      t[usec]   Mbytes/sec      Msg/sec
            0       100000        30.28         0.00      1911787
            1       100000        29.50         1.97      1972825
            2       100000        30.19         3.91      1956407
            4       100000        29.79         7.77      1941441
            8       100000        29.98        15.60      1950371
           16       100000        29.50        31.11      1944520
           32       100000        29.16        64.59      2018354
           64       100000        29.63       124.03      1938043
          128       100000        29.69       256.74      2005797
          256       100000        29.25       489.29      1911298
          512       100000        31.94       929.39      1815220
         1024       100000        31.89      1885.44      1841252
         2048       100000        44.53      2608.75      1273803
         4096       100000        48.39      4788.02      1168950
         8192       100000        56.59      7712.20       941431
        16384        51200        96.34      7652.98       467101
        32768        25600       149.09      9073.05       276887
        65536        12800       260.18     10140.91       154738
       131072         6400       478.35     11172.20        85237
       262144         3200       931.42      9796.28        37370
       524288         1600      2239.27      6808.50        12986
      1048576          800      4466.02      7487.66         7141
      2097152          400      8599.19      9300.92         4435
      4194304          200     16123.82     11291.11         2692

#----------------------------------------------------------------
# Benchmarking Unirandom
# #processes = 80
#----------------------------------------------------------------
       #bytes #repetitions      t[usec]   Mbytes/sec      Msg/sec
            0       100000        69.88         0.00      1144806
            1       100000        69.29         1.15      1154503
            2       100000        70.43         2.27      1135806
            4       100000        71.23         4.49      1123068
            8       100000        72.33         8.85      1105961
           16       100000        71.91        17.80      1112435
           32       100000        72.36        35.38      1105529
           64       100000        70.55        72.57      1133956
          128       100000        69.15       148.08      1156875
          256       100000        70.91       288.79      1128084
          512       100000        86.84       471.66       921220
         1024       100000        85.11       962.52       939963
         2048       100000        96.26      1702.09       831100
         4096       100000       100.76      3252.09       793967
         8192       100000       112.21      5840.24       712920
        16384        51200       176.42      7429.47       453459
        32768        25600       267.16      9811.64       299427
        65536        12800       443.01     11832.60       180551
       131072         6400       824.85     12709.19        96963
       262144         3200      1669.30     12558.16        47906
       524288         1600      2778.52     15087.83        28778
      1048576          800      6299.00     13300.76        12685
      2097152          400     13399.46     12495.04         5958
      4194304          200     33749.43      9923.01         2366

#----------------------------------------------------------------
# Benchmarking Birandom
# #processes = 80
#----------------------------------------------------------------
       #bytes #repetitions      t[usec]   Mbytes/sec      Msg/sec
            0       100000        69.61         0.00      1149226
            1       100000        70.64         1.13      1132459
            2       100000        72.86         2.20      1098039
            4       100000        71.06         4.50      1125747
            8       100000        73.35         8.72      1090576
           16       100000        69.04        18.54      1158689
           32       100000        71.03        36.04      1126206
           64       100000        71.08        72.03      1125542
          128       100000        71.03       144.16      1126213
          256       100000        74.52       274.84      1073588
          512       100000        87.31       469.10       916220
         1024       100000        85.53       957.73       935285
         2048       100000       100.50      1630.24       796018
         4096       100000       107.44      3049.86       744594
         8192       100000       119.16      5499.92       671377
        16384        51200       181.05      7239.30       441852
        32768        25600       274.63      9545.00       291290
        65536        12800       457.79     11451.76       174740
       131072         6400       864.00     12134.84        92581
       262144         3200      1418.62     14779.37        56379
       524288         1600      2923.37     14341.39        27354
      1048576          800      9245.14      9067.69         8648
      2097152          400     27020.10      6162.63         2939
      4194304          200     58054.03      5725.02         1365

#----------------------------------------------------------------
# Benchmarking Corandom
# #processes = 80
#----------------------------------------------------------------
       #bytes #repetitions      t[usec]   Mbytes/sec      Msg/sec
            0       100000        45.75         0.00      1748416
            1       100000        46.95         1.70      1703995
            2       100000        45.84         3.49      1745254
            4       100000        46.09         6.94      1735789
            8       100000        45.85        13.96      1744670
           16       100000        45.46        28.16      1759890
           32       100000        45.58        56.16      1755142
           64       100000        45.27       113.09      1766976
          128       100000        44.64       229.38      1792024
          256       100000        44.96       455.52      1779384
          512       100000        50.90       804.63      1571536
         1024       100000        50.84      1611.22      1573460
         2048       100000        59.11      2771.70      1353368
         4096       100000        62.31      5258.61      1283840
         8192       100000        69.88      9378.53      1144840
        16384        51200       106.10     12353.29       753985
        32768        25600       161.32     16249.40       495892
        65536        12800       267.48     19599.05       299058
       131072         6400       496.97     21095.85       160949
       262144         3200       813.66     25767.29        98294
       524288         1600      3674.42     11400.29        21744
      1048576          800     11427.40      7335.32         6996
      2097152          400     31824.90      5267.72         2512
      4194304          200     53128.72      6197.84         1478

#----------------------------------------------------------------
# Benchmarking Stencil2D (8 x 10)
# #processes = 80
#----------------------------------------------------------------
       #bytes #repetitions      t[usec]   Mbytes/sec      Msg/sec
            0       100000        20.98         0.00      3813921
            1       100000        22.28         3.59      3590494
            2       100000        20.90         7.66      3827766
            4       100000        22.77        14.06      3513764
            8       100000        21.17        30.24      3779421
           16       100000        20.72        61.79      3861638
           32       100000        20.16       127.00      3968763
           64       100000        20.83       245.74      3839644
          128       100000        20.62       496.61      3879801
          256       100000        17.65      1160.49      4533175
          512       100000        22.03      1859.59      3632019
         1024       100000        22.08      3710.82      3623847
         2048       100000        29.69      5519.11      2694880
         4096       100000        32.01     10238.07      2499529
         8192       100000        34.81     18828.61      2298414
        16384        51200        51.05     25672.11      1566901
        32768        25600        81.78     32053.60       978198
        65536        12800       150.54     34824.42       531378
       131072         6400       316.05     33171.96       253082
       262144         3200       419.26     50003.74       190749
       524288         1600       846.77     49497.75        94409
      1048576          800      2395.68     34999.08        33378
      2097152          400      3881.21     43149.05        20575
      4194304          200      7091.99     47066.86        11222

#----------------------------------------------------------------
# Benchmarking Stencil3D (4 x 5 x 4)
# #processes = 80
#----------------------------------------------------------------
       #bytes #repetitions      t[usec]   Mbytes/sec      Msg/sec
            0       100000        19.08         0.00      4193637
            1       100000        17.20         4.65      4651642
            2       100000        17.13         9.34      4669049
            4       100000        16.92        18.91      4728511
            8       100000        16.82        38.04      4755513
           16       100000        16.42        77.94      4871444
           32       100000        16.56       154.56      4829857
           64       100000        16.84       304.07      4751078
          128       100000        16.79       609.72      4763476
          256       100000        15.89      1288.55      5033402
          512       100000        18.94      2163.01      4224637
         1024       100000        19.15      4278.58      4178305
         2048       100000        23.54      6961.34      3399093
         4096       100000        26.22     12497.97      3051262
         8192       100000        28.90     22672.92      2767691
        16384        51200        51.63     25384.20      1549329
        32768        25600        86.55     30288.12       924320
        65536        12800       166.01     31579.27       481861
       131072         6400       355.67     29477.30       224894
       262144         3200       454.77     46107.21       175885
       524288         1600      1128.78     37152.00        70862
      1048576          800      2508.52     33429.99        31881
      2097152          400      4321.96     38781.26        18492
      4194304          200      7596.48     44061.59        10505


# All processes entering MPI_Finalize

