#------------------------------------------------------------
#    Intel(R) MPI Benchmarks 2019 Update 6, IMB-P2P part
#------------------------------------------------------------
# Date                  : Wed Sep 16 23:52:51 2020
# Machine               : x86_64
# System                : Linux
# Release               : 4.18.0-193.19.1.el8_2.x86_64
# Version               : #1 SMP Wed Aug 26 15:29:02 EDT 2020
# MPI Version           : 3.1
# MPI Thread Environment:
#
# Calling sequence was:
#
# IMB-P2P
#
# List of Benchmarks to run:
#
# PingPong
# PingPing
# Unirandom
# Birandom
# Corandom
# Stencil2D
# Stencil3D
#
# Minimum message length in bytes:   0
# Maximum message length in bytes:   4194304
#

#----------------------------------------------------------------
# Benchmarking PingPong
# #processes = 2
#----------------------------------------------------------------
       #bytes #repetitions      t[usec]   Mbytes/sec      Msg/sec
            0       100000        11.30         0.00        88511
            1       100000        11.32         0.09        88353
            2       100000        11.18         0.18        89444
            4       100000        11.26         0.36        88817
            8       100000        11.16         0.72        89570
           16       100000        11.23         1.42        89038
           32       100000        11.27         2.84        88711
           64       100000        11.29         5.67        88606
          128       100000        11.32        11.31        88332
          256       100000        11.49        22.27        87012
          512       100000        12.36        41.44        80935
         1024       100000        12.98        78.90        77049
         2048       100000        18.29       111.99        54681
         4096       100000        18.83       217.56        53116
         8192       100000        21.53       380.48        46446
        16384        51200        35.21       465.38        28405
        32768        25600        55.13       594.35        18138
        65536        12800        69.03       949.42        14487
       131072         6400       116.96      1120.67         8550
       262144         3200       270.87       967.80         3692
       524288         1600       379.80      1380.38         2633
      1048576          800       652.05      1608.13         1534
      2097152          400      1137.96      1842.88          879
      4194304          200      2253.78      1860.92          444

#----------------------------------------------------------------
# Benchmarking PingPing
# #processes = 2
#----------------------------------------------------------------
       #bytes #repetitions      t[usec]   Mbytes/sec      Msg/sec
            0       100000        19.56         0.00       102257
            1       100000        19.94         0.10       100307
            2       100000        20.60         0.19        97072
            4       100000        17.93         0.45       111555
            8       100000        17.09         0.94       117006
           16       100000        19.98         1.60       100104
           32       100000        18.32         3.49       109199
           64       100000        19.15         6.69       104460
          128       100000        18.64        13.73       107293
          256       100000        17.83        28.72       112193
          512       100000        19.49        52.53       102594
         1024       100000        18.89       108.41       105870
         2048       100000        23.34       175.47        85678
         4096       100000        23.56       347.70        84888
         8192       100000        25.98       630.59        76976
        16384        51200        50.11       653.91        39911
        32768        25600        57.53      1139.13        34764
        65536        12800       104.76      1251.15        19091
       131072         6400       186.70      1404.02        10712
       262144         3200       274.51      1909.87         7286
       524288         1600       514.96      2036.18         3884
      1048576          800       881.78      2378.31         2268
      2097152          400      1629.60      2573.78         1227
      4194304          200      3097.83      2707.82          646

#----------------------------------------------------------------
# Benchmarking Unirandom
# #processes = 2
#----------------------------------------------------------------
       #bytes #repetitions      t[usec]   Mbytes/sec      Msg/sec
            0       100000        30.95         0.00        64617
            1       100000        30.02         0.07        66623
            2       100000        31.95         0.13        62592
            4       100000        31.05         0.26        64420
            8       100000        30.37         0.53        65854
           16       100000        29.37         1.09        68099
           32       100000        30.80         2.08        64932
           64       100000        30.32         4.22        65952
          128       100000        30.31         8.45        65994
          256       100000        31.13        16.45        64253
          512       100000        33.43        30.63        59818
         1024       100000        32.15        63.71        62214
         2048       100000        35.91       114.05        55690
         4096       100000        35.43       231.22        56450
         8192       100000        41.52       394.62        48171
        16384        51200        60.37       542.77        33128
        32768        25600        98.68       664.14        20268
        65536        12800       156.47       837.67        12782
       131072         6400       253.10      1035.70         7902
       262144         3200       485.24      1080.47         4122
       524288         1600       738.83      1419.24         2707
      1048576          800      1258.60      1666.26         1589
      2097152          400      2269.44      1848.12          881
      4194304          200      4416.43      1899.30          453

#----------------------------------------------------------------
# Benchmarking Birandom
# #processes = 2
#----------------------------------------------------------------
       #bytes #repetitions      t[usec]   Mbytes/sec      Msg/sec
            0       100000        18.45         0.00       108415
            1       100000        17.65         0.11       113306
            2       100000        19.95         0.20       100274
            4       100000        19.15         0.42       104413
            8       100000        18.38         0.87       108827
           16       100000        18.15         1.76       110199
           32       100000        18.88         3.39       105952
           64       100000        17.16         7.46       116560
          128       100000        18.25        14.03       109594
          256       100000        18.68        27.42       107094
          512       100000        19.59        52.28       102112
         1024       100000        14.10       145.26       141856
         2048       100000        22.76       179.96        87871
         4096       100000        25.12       326.17        79633
         8192       100000        24.36       672.57        82100
        16384        51200        49.51       661.81        40394
        32768        25600        62.92      1041.59        31787
        65536        12800       104.21      1257.70        19191
       131072         6400       214.14      1224.14         9339
       262144         3200       274.78      1908.00         7278
       524288         1600       513.15      2043.28         3897
      1048576          800       913.15      2296.58         2190
      2097152          400      1590.34      2637.30         1258
      4194304          200      3003.40      2792.99          666

#----------------------------------------------------------------
# Benchmarking Corandom
# #processes = 2
#----------------------------------------------------------------
       #bytes #repetitions      t[usec]   Mbytes/sec      Msg/sec
            0       100000        16.89         0.00       118380
            1       100000        18.17         0.11       110061
            2       100000        19.55         0.20       102287
            4       100000        19.19         0.42       104199
            8       100000        18.90         0.85       105806
           16       100000        19.89         1.61       100534
           32       100000        20.95         3.05        95450
           64       100000        19.92         6.43       100392
          128       100000        16.89        15.16       118445
          256       100000        15.31        33.45       130672
          512       100000        14.05        72.88       142344
         1024       100000        15.27       134.13       130985
         2048       100000        23.67       173.04        84493
         4096       100000        22.66       361.46        88248
         8192       100000        25.22       649.58        79295
        16384        51200        49.41       663.13        40474
        32768        25600        60.97      1074.87        32802
        65536        12800       110.72      1183.80        18063
       131072         6400       188.97      1387.24        10584
       262144         3200       299.57      1750.16         6676
       524288         1600       484.12      2165.94         4131
      1048576          800       922.70      2272.77         2167
      2097152          400      1642.12      2554.19         1218
      4194304          200      3086.75      2717.60          648

# !! Benchmark Stencil2D is invalid for 2 processes !!

# !! Benchmark Stencil3D is invalid for 2 processes !!


# All processes entering MPI_Finalize

