#------------------------------------------------------------
#    Intel(R) MPI Benchmarks 2019 Update 6, IMB-P2P part
#------------------------------------------------------------
# Date                  : Wed Sep 16 16:51:59 2020
# Machine               : x86_64
# System                : Linux
# Release               : 4.18.0-193.19.1.el8_2.x86_64
# Version               : #1 SMP Wed Aug 26 15:29:02 EDT 2020
# MPI Version           : 3.1
# MPI Thread Environment:
#
# Calling sequence was:
#
# IMB-P2P
#
# List of Benchmarks to run:
#
# PingPong
# PingPing
# Unirandom
# Birandom
# Corandom
# Stencil2D
# Stencil3D
#
# Minimum message length in bytes:   0
# Maximum message length in bytes:   4194304
#

#----------------------------------------------------------------
# Benchmarking PingPong
# #processes = 2
#----------------------------------------------------------------
       #bytes #repetitions      t[usec]   Mbytes/sec      Msg/sec
            0       100000        13.03         0.00        76765
            1       100000        12.99         0.08        76984
            2       100000        12.99         0.15        76975
            4       100000        12.99         0.31        76956
            8       100000        12.99         0.62        76988
           16       100000        13.00         1.23        76950
           32       100000        12.99         2.46        76979
           64       100000        13.05         4.90        76611
          128       100000        13.11         9.76        76280
          256       100000        13.19        19.41        75839
          512       100000        14.44        35.46        69250
         1024       100000        14.93        68.61        66998
         2048       100000        16.19       126.47        61754
         4096       100000        19.17       213.69        52170
         8192       100000        24.20       338.46        41316
        16384        51200        58.98       277.77        16953
        32768        25600        62.85       521.36        15911
        65536        12800        97.83       669.87        10221
       131072         6400       117.48      1115.62         8512
       262144         3200       244.43      1072.48         4091
       524288         1600       335.52      1562.59         2980
      1048576          800       539.58      1943.32         1853
      2097152          400      1023.88      2048.16          977
      4194304          200      1927.29      2176.11          519

#----------------------------------------------------------------
# Benchmarking PingPing
# #processes = 2
#----------------------------------------------------------------
       #bytes #repetitions      t[usec]   Mbytes/sec      Msg/sec
            0       100000        31.01         0.00        64494
            1       100000        30.58         0.07        65398
            2       100000        58.84         0.07        33989
            4       100000        35.64         0.22        56109
            8       100000        35.94         0.45        55650
           16       100000        48.34         0.66        41377
           32       100000        47.15         1.36        42418
           64       100000        48.09         2.66        41589
          128       100000        41.98         6.10        47646
          256       100000        46.86        10.93        42681
          512       100000        34.57        29.62        57852
         1024       100000        35.85        57.13        55794
         2048       100000        27.56       148.63        72573
         4096       100000        32.78       249.89        61009
         8192       100000        38.06       430.49        52550
        16384        51200        55.37       591.76        36118
        32768        25600        67.37       972.77        29687
        65536        12800        97.66      1342.17        20480
       131072         6400       119.76      2188.86        16700
       262144         3200       261.10      2007.97         7660
       524288         1600       384.42      2727.66         5203
      1048576          800       614.14      3414.76         3257
      2097152          400      1079.99      3883.54         1852
      4194304          200      2099.99      3994.48          952

#----------------------------------------------------------------
# Benchmarking Unirandom
# #processes = 2
#----------------------------------------------------------------
       #bytes #repetitions      t[usec]   Mbytes/sec      Msg/sec
            0       100000        41.81         0.00        47830
            1       100000        42.44         0.05        47122
            2       100000        42.55         0.09        47007
            4       100000        42.11         0.19        47493
            8       100000        41.73         0.38        47927
           16       100000        41.63         0.77        48042
           32       100000        42.24         1.52        47347
           64       100000        42.15         3.04        47450
          128       100000        42.00         6.10        47617
          256       100000        42.39        12.08        47178
          512       100000        41.66        24.58        48010
         1024       100000        37.47        54.65        53371
         2048       100000        37.89       108.10        52782
         4096       100000        40.18       203.90        49780
         8192       100000        45.21       362.42        44241
        16384        51200        71.14       460.64        28115
        32768        25600        85.41       767.30        23416
        65536        12800       120.32      1089.33        16622
       131072         6400       179.13      1463.37        11165
       262144         3200       415.22      1262.67         4817
       524288         1600       633.95      1654.01         3155
      1048576          800      1026.10      2043.80         1949
      2097152          400      1989.81      2107.84         1005
      4194304          200      3770.81      2224.41          530

#----------------------------------------------------------------
# Benchmarking Birandom
# #processes = 2
#----------------------------------------------------------------
       #bytes #repetitions      t[usec]   Mbytes/sec      Msg/sec
            0       100000        50.33         0.00        39737
            1       100000        34.31         0.06        58293
            2       100000        45.03         0.09        44414
            4       100000        47.78         0.17        41861
            8       100000        35.73         0.45        55969
           16       100000        36.71         0.87        54479
           32       100000        35.38         1.81        56526
           64       100000        42.93         2.98        46591
          128       100000        47.73         5.36        41901
          256       100000        35.47        14.44        56389
          512       100000        35.78        28.62        55890
         1024       100000        31.62        64.77        63252
         2048       100000        28.30       144.74        70675
         4096       100000        39.69       206.41        50394
         8192       100000        43.15       379.68        46347
        16384        51200        59.27       552.81        33741
        32768        25600        67.19       975.40        29767
        65536        12800        97.76      1340.70        20457
       131072         6400       120.47      2176.06        16602
       262144         3200       227.67      2302.86         8785
       524288         1600       385.37      2720.96         5190
      1048576          800       612.84      3422.02         3263
      2097152          400      1076.26      3897.09         1858
      4194304          200      2102.53      3989.74          951

#----------------------------------------------------------------
# Benchmarking Corandom
# #processes = 2
#----------------------------------------------------------------
       #bytes #repetitions      t[usec]   Mbytes/sec      Msg/sec
            0       100000        34.54         0.00        57901
            1       100000        32.84         0.06        60906
            2       100000        36.76         0.11        54408
            4       100000        44.93         0.18        44511
            8       100000        48.22         0.33        41480
           16       100000        28.38         1.13        70481
           32       100000        48.18         1.33        41515
           64       100000        48.07         2.66        41609
          128       100000        45.59         5.62        43869
          256       100000        38.96        13.14        51337
          512       100000        42.68        23.99        46862
         1024       100000        26.03        78.67        76822
         2048       100000        33.62       121.83        59486
         4096       100000        41.31       198.29        48412
         8192       100000        53.67       305.29        37267
        16384        51200        58.22       562.79        34350
        32768        25600        70.27       932.59        28460
        65536        12800        97.74      1341.05        20463
       131072         6400       122.54      2139.23        16321
       262144         3200       227.11      2308.48         8806
       524288         1600       377.97      2774.24         5291
      1048576          800       614.28      3413.97         3256
      2097152          400      1080.09      3883.15         1852
      4194304          200      2103.16      3988.49          951

# !! Benchmark Stencil2D is invalid for 2 processes !!

# !! Benchmark Stencil3D is invalid for 2 processes !!


# All processes entering MPI_Finalize

