#------------------------------------------------------------
#    Intel(R) MPI Benchmarks 2019 Update 6, IMB-P2P part
#------------------------------------------------------------
# Date                  : Thu Sep 17 00:00:24 2020
# Machine               : x86_64
# System                : Linux
# Release               : 4.18.0-193.19.1.el8_2.x86_64
# Version               : #1 SMP Wed Aug 26 15:29:02 EDT 2020
# MPI Version           : 3.1
# MPI Thread Environment:
#
# Calling sequence was:
#
# IMB-P2P
#
# List of Benchmarks to run:
#
# PingPong
# PingPing
# Unirandom
# Birandom
# Corandom
# Stencil2D
# Stencil3D
#
# Minimum message length in bytes:   0
# Maximum message length in bytes:   4194304
#

#----------------------------------------------------------------
# Benchmarking PingPong
# #processes = 80
#----------------------------------------------------------------
       #bytes #repetitions      t[usec]   Mbytes/sec      Msg/sec
            0       100000        26.44         0.00       898630
            1       100000        24.67         1.18      1182907
            2       100000        24.24         2.63      1317199
            4       100000        24.23         5.34      1334331
            8       100000        24.24        10.62      1326956
           16       100000        24.22        21.21      1325448
           32       100000        24.33        43.04      1345084
           64       100000        24.10        84.91      1326777
          128       100000        24.22       169.88      1327212
          256       100000        24.24       342.47      1337788
          512       100000        27.16       627.94      1226450
         1024       100000        27.91      1205.58      1177328
         2048       100000        42.86      1473.83       719642
         4096       100000        47.69      2719.06       663833
         8192       100000        56.28      4673.37       570479
        16384        51200        93.88      5423.87       331047
        32768        25600       152.67      6611.54       201768
        65536        12800       249.90      7616.49       116218
       131072         6400       444.86      8617.76        65748
       262144         3200       820.58     10488.30        40010
       524288         1600      1592.57     10263.83        19577
      1048576          800      3253.01      8804.32         8396
      2097152          400      6619.00      8562.77         4083
      4194304          200     13043.26      8535.51         2035

#----------------------------------------------------------------
# Benchmarking PingPing
# #processes = 80
#----------------------------------------------------------------
       #bytes #repetitions      t[usec]   Mbytes/sec      Msg/sec
            0       100000        40.58         0.00      1326120
            1       100000        40.93         1.29      1286508
            2       100000        40.54         2.67      1335882
            4       100000        40.77         5.31      1327554
            8       100000        39.81        10.51      1314251
           16       100000        40.01        21.40      1337619
           32       100000        40.88        40.58      1268130
           64       100000        40.28        82.03      1281718
          128       100000        40.97       163.98      1281119
          256       100000        39.72       333.46      1302585
          512       100000        41.68       629.07      1228654
         1024       100000        41.66      1247.89      1218638
         2048       100000        68.86      1581.79       772359
         4096       100000        73.73      2960.01       722660
         8192       100000        86.74      5067.62       618606
        16384        51200       144.72      6297.39       384362
        32768        25600       236.43      7403.94       225950
        65536        12800       415.46      8387.94       127990
       131072         6400       762.44      9987.01        76195
       262144         3200      1444.13     11930.44        45511
       524288         1600      2874.96      9728.00        18555
      1048576          800      5594.79     11918.22        11366
      2097152          400     11499.54      9845.55         4695
      4194304          200     23178.34      9376.01         2235

#----------------------------------------------------------------
# Benchmarking Unirandom
# #processes = 80
#----------------------------------------------------------------
       #bytes #repetitions      t[usec]   Mbytes/sec      Msg/sec
            0       100000       141.45         0.00       565549
            1       100000       141.47         0.57       565495
            2       100000       139.20         1.15       574587
            4       100000       137.72         2.32       580865
            8       100000       138.96         4.61       575705
           16       100000       138.63         9.23       577075
           32       100000       143.93        17.79       555803
           64       100000       140.23        36.51       570491
          128       100000       139.80        73.24       572222
          256       100000       140.12       146.16       570926
          512       100000       150.67       271.86       530970
         1024       100000       151.85       539.45       526811
         2048       100000       160.59      1020.20       498144
         4096       100000       166.71      1965.53       479866
         8192       100000       180.39      3632.87       443465
        16384        51200       321.59      4075.15       248728
        32768        25600       468.21      5598.52       170853
        65536        12800       769.09      6816.13       104006
       131072         6400      1281.20      8182.80        62430
       262144         3200      2561.88      8180.11        31205
       524288         1600      4478.90      9359.47        17852
      1048576          800      8602.29      9744.36         9293
      2097152          400     16289.53     10279.48         4902
      4194304          200     35266.92      9463.59         2256

#----------------------------------------------------------------
# Benchmarking Birandom
# #processes = 80
#----------------------------------------------------------------
       #bytes #repetitions      t[usec]   Mbytes/sec      Msg/sec
            0       100000       133.51         0.00       599220
            1       100000       131.70         0.61       607452
            2       100000       131.80         1.21       606970
            4       100000       131.52         2.43       608263
            8       100000       135.13         4.73       591849
           16       100000       132.46         9.66       603955
           32       100000       133.07        19.24       601189
           64       100000       133.00        38.50       601503
          128       100000       133.06        76.96       601232
          256       100000       130.12       157.39       614813
          512       100000       147.88       276.99       540990
         1024       100000       145.69       562.26       549083
         2048       100000       160.32      1021.95       499001
         4096       100000       166.02      1973.76       481875
         8192       100000       169.69      3861.99       471435
        16384        51200       322.55      4063.51       248017
        32768        25600       455.49      5755.00       175629
        65536        12800       755.21      6940.46       105903
       131072         6400      1263.14      8298.85        63315
       262144         3200      2097.37      9996.42        38133
       524288         1600      3774.55     11105.73        21183
      1048576          800      8910.28      9404.24         8969
      2097152          400     26916.51      6224.85         2968
      4194304          200     49989.61      6702.24         1598

#----------------------------------------------------------------
# Benchmarking Corandom
# #processes = 80
#----------------------------------------------------------------
       #bytes #repetitions      t[usec]   Mbytes/sec      Msg/sec
            0       100000       100.49         0.00       796097
            1       100000        99.24         0.81       806117
            2       100000        99.82         1.60       801452
            4       100000       100.23         3.19       798167
            8       100000        99.39         6.44       804908
           16       100000        98.51        12.99       812095
           32       100000        97.95        26.14       816746
           64       100000        99.84        51.28       801283
          128       100000        98.44       104.02       812654
          256       100000        98.05       208.87       815892
          512       100000       114.07       359.07       701316
         1024       100000       110.95       738.32       721017
         2048       100000       119.29      1373.44       670626
         4096       100000       124.90      2623.39       640477
         8192       100000       133.26      4917.84       600322
        16384        51200       256.81      5103.71       311506
        32768        25600       356.94      7343.94       224119
        65536        12800       586.90      8932.64       136301
       131072         6400       954.07     10985.22        83811
       262144         3200      1386.15     15117.89        57670
       524288         1600      2910.25     14407.91        27481
      1048576          800     12098.22      6928.99         6608
      2097152          400     35402.23      4698.93         2241
      4194304          200     65032.89      5098.84         1216

#----------------------------------------------------------------
# Benchmarking Stencil2D (8 x 10)
# #processes = 80
#----------------------------------------------------------------
       #bytes #repetitions      t[usec]   Mbytes/sec      Msg/sec
            0       100000        71.90         0.00      1112640
            1       100000        74.18         1.08      1078439
            2       100000        74.52         2.15      1073475
            4       100000        70.54         4.54      1134103
            8       100000        73.46         8.71      1088977
           16       100000        70.73        18.10      1131113
           32       100000        73.44        34.85      1089132
           64       100000        71.54        71.57      1118212
          128       100000        77.15       132.72      1036913
          256       100000        66.18       309.38      1208522
          512       100000        70.70       579.32      1131483
         1024       100000        72.99      1122.04      1095738
         2048       100000        89.50      1830.55       893822
         4096       100000        93.50      3504.46       855582
         8192       100000        99.89      6560.17       800802
        16384        51200       168.91      7759.59       473608
        32768        25600       227.72     11510.73       351279
        65536        12800       362.52     14461.60       220667
       131072         6400       662.83     15814.88       120658
       262144         3200       719.38     29110.37       111047
       524288         1600      1166.45     35916.10        68505
      1048576          800      2398.45     34918.41        33301
      2097152          400      5063.10     33057.12        15763
      4194304          200      8995.81     37111.43         8848

#----------------------------------------------------------------
# Benchmarking Stencil3D (4 x 5 x 4)
# #processes = 80
#----------------------------------------------------------------
       #bytes #repetitions      t[usec]   Mbytes/sec      Msg/sec
            0       100000        63.10         0.00      1267872
            1       100000        63.48         1.26      1260174
            2       100000        63.66         2.51      1256746
            4       100000        64.86         4.93      1233398
            8       100000        61.51        10.40      1300604
           16       100000        62.23        20.57      1285572
           32       100000        62.23        41.14      1285484
           64       100000        61.89        82.73      1292580
          128       100000        62.11       164.87      1288019
          256       100000        59.94       341.69      1334712
          512       100000        67.04       610.98      1193320
         1024       100000        68.38      1197.97      1169890
         2048       100000        85.33      1919.96       937482
         4096       100000        91.21      3592.51       877077
         8192       100000       100.13      6545.13       798966
        16384        51200       175.28      7477.70       456403
        32768        25600       256.51     10219.47       311873
        65536        12800       362.61     14458.15       220614
       131072         6400       657.72     15941.48       121624
       262144         3200       751.51     27886.18       106377
       524288         1600      1285.98     32592.89        62166
      1048576          800      3066.74     27341.91        26075
      2097152          400      4648.60     36026.43        17179
      4194304          200      9255.31     36112.11         8610


# All processes entering MPI_Finalize

