#------------------------------------------------------------
#    Intel(R) MPI Benchmarks 2019 Update 6, IMB-P2P part
#------------------------------------------------------------
# Date                  : Wed Sep 16 17:40:41 2020
# Machine               : x86_64
# System                : Linux
# Release               : 4.18.0-193.19.1.el8_2.x86_64
# Version               : #1 SMP Wed Aug 26 15:29:02 EDT 2020
# MPI Version           : 3.1
# MPI Thread Environment:
#
# Calling sequence was:
#
# IMB-P2P
#
# List of Benchmarks to run:
#
# PingPong
# PingPing
# Unirandom
# Birandom
# Corandom
# Stencil2D
# Stencil3D
#
# Minimum message length in bytes:   0
# Maximum message length in bytes:   4194304
#

#----------------------------------------------------------------
# Benchmarking PingPong
# #processes = 2
#----------------------------------------------------------------
       #bytes #repetitions      t[usec]   Mbytes/sec      Msg/sec
            0       100000         8.34         0.00       119936
            1       100000         8.24         0.12       121314
            2       100000         8.23         0.24       121498
            4       100000         8.28         0.48       120776
            8       100000         8.26         0.97       121136
           16       100000         8.31         1.93       120317
           32       100000         8.28         3.86       120717
           64       100000         8.24         7.77       121417
          128       100000         8.42        15.20       118745
          256       100000         8.31        30.81       120341
          512       100000         9.62        53.22       103945
         1024       100000         9.98       102.65       100245
         2048       100000        16.03       127.77        62386
         4096       100000        20.56       199.19        48630
         8192       100000        19.45       421.29        51427
        16384        51200        35.06       467.26        28519
        32768        25600        44.06       743.79        22699
        65536        12800        68.88       951.37        14517
       131072         6400       138.72       944.84         7209
       262144         3200       235.43      1113.46         4248
       524288         1600       311.96      1680.60         3205
      1048576          800       556.75      1883.32         1796
      2097152          400       977.55      2145.22         1023
      4194304          200      1874.42      2237.47          533

#----------------------------------------------------------------
# Benchmarking PingPing
# #processes = 2
#----------------------------------------------------------------
       #bytes #repetitions      t[usec]   Mbytes/sec      Msg/sec
            0       100000        16.79         0.00       119138
            1       100000        17.67         0.11       113190
            2       100000        18.76         0.21       106611
            4       100000        16.50         0.48       121242
            8       100000        16.32         0.98       122565
           16       100000        16.46         1.94       121528
           32       100000        16.94         3.78       118085
           64       100000        16.58         7.72       120647
          128       100000        18.46        13.87       108328
          256       100000        16.64        30.77       120180
          512       100000        17.97        56.97       111278
         1024       100000        17.87       114.58       111892
         2048       100000        28.68       142.84        69745
         4096       100000        27.81       294.53        71906
         8192       100000        28.58       573.30        69983
        16384        51200        43.77       748.56        45688
        32768        25600        56.74      1154.95        35246
        65536        12800       115.42      1135.59        17328
       131072         6400       180.49      1452.31        11080
       262144         3200       248.80      2107.22         8038
       524288         1600       418.00      2508.36         4784
      1048576          800       752.36      2787.32         2658
      2097152          400      1389.48      3018.62         1439
      4194304          200      2702.74      3103.48          740

#----------------------------------------------------------------
# Benchmarking Unirandom
# #processes = 2
#----------------------------------------------------------------
       #bytes #repetitions      t[usec]   Mbytes/sec      Msg/sec
            0       100000        27.69         0.00        72238
            1       100000        25.81         0.08        77484
            2       100000        26.87         0.15        74436
            4       100000        26.65         0.30        75047
            8       100000        26.81         0.60        74604
           16       100000        27.99         1.14        71444
           32       100000        25.80         2.48        77526
           64       100000        25.75         4.97        77664
          128       100000        27.81         9.21        71919
          256       100000        30.15        16.98        66333
          512       100000        29.01        35.30        68944
         1024       100000        27.66        74.05        72311
         2048       100000        30.64       133.68        65272
         4096       100000        34.32       238.69        58273
         8192       100000        38.98       420.30        51306
        16384        51200        51.80       632.63        38612
        32768        25600        86.90       754.13        23014
        65536        12800       135.49       967.37        14761
       131072         6400       219.63      1193.52         9106
       262144         3200       424.97      1233.70         4706
       524288         1600       629.83      1664.85         3175
      1048576          800      1050.86      1995.58         1903
      2097152          400      1900.05      2207.43         1053
      4194304          200      3507.56      2391.41          570

#----------------------------------------------------------------
# Benchmarking Birandom
# #processes = 2
#----------------------------------------------------------------
       #bytes #repetitions      t[usec]   Mbytes/sec      Msg/sec
            0       100000        16.70         0.00       119759
            1       100000        16.60         0.12       120516
            2       100000        17.17         0.23       116508
            4       100000        16.57         0.48       120681
            8       100000        16.42         0.97       121766
           16       100000        16.81         1.90       118949
           32       100000        16.52         3.87       121059
           64       100000        16.58         7.72       120592
          128       100000        16.72        15.31       119584
          256       100000        16.71        30.63       119659
          512       100000        17.84        57.41       112121
         1024       100000        18.91       108.31       105772
         2048       100000        27.53       148.80        72654
         4096       100000        27.50       297.93        72738
         8192       100000        29.27       559.66        68318
        16384        51200        43.47       753.79        46008
        32768        25600        57.15      1146.78        34997
        65536        12800       115.57      1134.10        17305
       131072         6400       188.32      1391.99        10620
       262144         3200       266.58      1966.70         7502
       524288         1600       408.72      2565.50         4893
      1048576          800       743.49      2820.59         2690
      2097152          400      1408.82      2977.06         1420
      4194304          200      2738.00      3063.76          730

#----------------------------------------------------------------
# Benchmarking Corandom
# #processes = 2
#----------------------------------------------------------------
       #bytes #repetitions      t[usec]   Mbytes/sec      Msg/sec
            0       100000        16.55         0.00       120831
            1       100000        17.06         0.12       117213
            2       100000        16.57         0.24       120730
            4       100000        16.76         0.48       119357
            8       100000        16.35         0.98       122305
           16       100000        16.44         1.95       121633
           32       100000        16.60         3.85       120463
           64       100000        16.62         7.70       120310
          128       100000        16.39        15.62       122054
          256       100000        16.57        30.90       120711
          512       100000        18.72        54.70       106830
         1024       100000        17.51       116.99       114246
         2048       100000        26.93       152.10        74267
         4096       100000        27.29       300.23        73299
         8192       100000        28.89       567.09        69225
        16384        51200        42.50       771.09        47063
        32768        25600        59.11      1108.66        33834
        65536        12800       112.49      1165.22        17780
       131072         6400       189.39      1384.16        10560
       262144         3200       248.36      2110.96         8053
       524288         1600       411.23      2549.81         4863
      1048576          800       729.71      2873.89         2741
      2097152          400      1431.69      2929.43         1397
      4194304          200      2734.09      3068.02          731

# !! Benchmark Stencil2D is invalid for 2 processes !!

# !! Benchmark Stencil3D is invalid for 2 processes !!


# All processes entering MPI_Finalize

