#------------------------------------------------------------
#    Intel(R) MPI Benchmarks 2019 Update 6, IMB-P2P part
#------------------------------------------------------------
# Date                  : Wed Sep 16 17:00:07 2020
# Machine               : x86_64
# System                : Linux
# Release               : 4.18.0-193.19.1.el8_2.x86_64
# Version               : #1 SMP Wed Aug 26 15:29:02 EDT 2020
# MPI Version           : 3.1
# MPI Thread Environment:
#
# Calling sequence was:
#
# IMB-P2P
#
# List of Benchmarks to run:
#
# PingPong
# PingPing
# Unirandom
# Birandom
# Corandom
# Stencil2D
# Stencil3D
#
# Minimum message length in bytes:   0
# Maximum message length in bytes:   4194304
#

#----------------------------------------------------------------
# Benchmarking PingPong
# #processes = 80
#----------------------------------------------------------------
       #bytes #repetitions      t[usec]   Mbytes/sec      Msg/sec
            0       100000        33.66         0.00      1084315
            1       100000        33.98         1.07      1074615
            2       100000        34.01         2.15      1072834
            4       100000        33.90         4.30      1074864
            8       100000        33.96         8.59      1073423
           16       100000        34.03        17.18      1073765
           32       100000        34.12        34.10      1065485
           64       100000        35.24        67.16      1049308
          128       100000        35.42       133.73      1044739
          256       100000        35.55       267.11      1043416
          512       100000        38.11       511.56       999139
         1024       100000        38.41      1022.97       998994
         2048       100000        39.04      1972.49       963132
         4096       100000        42.03      3467.15       846471
         8192       100000        53.81      5650.31       689736
        16384        51200       122.76      4913.21       299879
        32768        25600       210.03      5506.57       168047
        65536        12800       361.73      5964.17        91006
       131072         6400       704.66      6113.93        46646
       262144         3200      1518.51      5867.05        22381
       524288         1600      2894.57      6066.24        11570
      1048576          800      5636.38      6128.50         5845
      2097152          400     11415.37      6097.62         2908
      4194304          200     23243.99      5989.79         1428

#----------------------------------------------------------------
# Benchmarking PingPing
# #processes = 80
#----------------------------------------------------------------
       #bytes #repetitions      t[usec]   Mbytes/sec      Msg/sec
            0       100000        55.85         0.00       673143
            1       100000        55.87         0.68       683812
            2       100000        55.32         1.40       700518
            4       100000        55.15         2.84       709587
            8       100000        55.53         5.13       640719
           16       100000        55.13        11.75       734464
           32       100000        55.33        22.57       705409
           64       100000        56.73        45.99       718586
          128       100000        56.67        91.38       713936
          256       100000        56.25       192.24       750925
          512       100000        53.87       498.80       974212
         1024       100000        51.07      1238.80      1209768
         2048       100000        50.49      2485.82      1213779
         4096       100000        55.66      4503.17      1099407
         8192       100000       100.90      5660.17       690938
        16384        51200       185.63      5575.44       340298
        32768        25600       350.43      6075.25       185402
        65536        12800       695.68      6086.14        92867
       131072         6400      1395.98      6106.59        46590
       262144         3200      2818.62      6111.80        23315
       524288         1600      5529.94      6135.62        11703
      1048576          800     10939.32      6161.99         5877
      2097152          400     21898.85      6164.17         2939
      4194304          200     43884.36      6168.60         1471

#----------------------------------------------------------------
# Benchmarking Unirandom
# #processes = 80
#----------------------------------------------------------------
       #bytes #repetitions      t[usec]   Mbytes/sec      Msg/sec
            0       100000        69.45         0.00      1151811
            1       100000        69.72         1.15      1147441
            2       100000        69.82         2.29      1145790
            4       100000        69.97         4.57      1143346
            8       100000        69.78         9.17      1146467
           16       100000        69.92        18.31      1144115
           32       100000        69.77        36.69      1146546
           64       100000        71.79        71.31      1114278
          128       100000        71.34       143.54      1121404
          256       100000        69.78       293.48      1146395
          512       100000        85.71       477.90       933398
         1024       100000        87.26       938.76       916758
         2048       100000        91.46      1791.33       874671
         4096       100000        99.70      3286.62       802396
         8192       100000       113.58      5769.98       704343
        16384        51200       197.40      6639.55       405246
        32768        25600       295.62      8867.06       270601
        65536        12800       525.61      9973.29       152180
       131072         6400      1024.99     10227.89        78033
       262144         3200      2388.14      8779.15        33490
       524288         1600      4377.05      9577.72        18268
      1048576          800      8446.77      9923.31         9464
      2097152          400     16684.12     10038.34         4787
      4194304          200     33037.57     10127.28         2415

#----------------------------------------------------------------
# Benchmarking Birandom
# #processes = 80
#----------------------------------------------------------------
       #bytes #repetitions      t[usec]   Mbytes/sec      Msg/sec
            0       100000        68.58         0.00      1166504
            1       100000        68.46         1.17      1168556
            2       100000        68.49         2.34      1168011
            4       100000        68.45         4.68      1168796
            8       100000        68.62         9.33      1165813
           16       100000        68.81        18.60      1162688
           32       100000        68.56        37.34      1166839
           64       100000        69.70        73.46      1147762
          128       100000        69.93       146.43      1144001
          256       100000        75.86       269.97      1054562
          512       100000       160.33       255.47       498962
         1024       100000       118.11       693.56       677307
         2048       100000       106.78      1534.38       749211
         4096       100000        99.08      3307.15       807411
         8192       100000       113.23      5787.72       706509
        16384        51200       197.57      6633.91       404902
        32768        25600       294.92      8888.24       271248
        65536        12800       517.20     10136.21       154666
       131072         6400       994.28     10545.09        80453
       262144         3200      2105.22      9959.18        37991
       524288         1600      4037.71     10382.63        19803
      1048576          800      8048.68     10414.49         9932
      2097152          400     15916.00     10524.29         5018
      4194304          200     32102.56     10424.23         2485

#----------------------------------------------------------------
# Benchmarking Corandom
# #processes = 80
#----------------------------------------------------------------
       #bytes #repetitions      t[usec]   Mbytes/sec      Msg/sec
            0       100000        39.65         0.00      2017702
            1       100000        39.81         2.01      2009525
            2       100000        40.17         3.98      1991522
            4       100000        39.95         8.01      2002286
            8       100000        39.88        16.05      2005767
           16       100000        39.71        32.23      2014670
           32       100000        39.85        64.23      2007294
           64       100000        40.88       125.24      1956868
          128       100000        40.74       251.32      1963452
          256       100000        41.27       496.25      1938488
          512       100000        48.57       843.30      1647070
         1024       100000        49.14      1667.09      1628018
         2048       100000        51.81      3162.50      1544188
         4096       100000        56.32      5818.05      1420423
         8192       100000        66.15      9907.22      1209378
        16384        51200       137.59      9526.18       581432
        32768        25600       226.09     11594.00       353821
        65536        12800       436.57     12008.30       183232
       131072         6400       883.89     11861.40        90495
       262144         3200      1773.65     11821.76        45096
       524288         1600      3499.56     11981.50        22853
      1048576          800      6899.71     12151.31        11588
      2097152          400     13732.32     12202.75         5819
      4194304          200     27209.10     12305.36         2934

#----------------------------------------------------------------
# Benchmarking Stencil2D (8 x 10)
# #processes = 80
#----------------------------------------------------------------
       #bytes #repetitions      t[usec]   Mbytes/sec      Msg/sec
            0       100000        15.14         0.00      5285577
            1       100000        14.93         5.36      5358991
            2       100000        14.83        10.79      5392619
            4       100000        14.82        21.59      5397055
            8       100000        14.92        42.90      5361909
           16       100000        14.95        85.60      5349921
           32       100000        14.93       171.50      5359380
           64       100000        15.20       336.83      5262975
          128       100000        15.14       676.14      5282347
          256       100000        15.33      1335.71      5217633
          512       100000        18.71      2188.91      4275223
         1024       100000        19.52      4196.14      4097797
         2048       100000        21.05      7782.59      3800095
         4096       100000        21.72     15086.29      3683176
         8192       100000        25.30     25906.95      3162469
        16384        51200        54.49     24051.65      1467996
        32768        25600        84.44     31042.00       947327
        65536        12800       153.71     34105.80       520413
       131072         6400       327.20     32042.33       244464
       262144         3200       470.55     44550.55       169947
       524288         1600       916.96     45710.56        87186
      1048576          800      1802.26     46478.51        44325
      2097152          400      3590.68     46600.31        22221
      4194304          200      7418.27     44998.08        10728

#----------------------------------------------------------------
# Benchmarking Stencil3D (4 x 5 x 4)
# #processes = 80
#----------------------------------------------------------------
       #bytes #repetitions      t[usec]   Mbytes/sec      Msg/sec
            0       100000        14.42         0.00      5548499
            1       100000        14.59         5.48      5484597
            2       100000        14.83        10.79      5395467
            4       100000        14.62        21.89      5473213
            8       100000        14.60        43.84      5480589
           16       100000        14.70        87.07      5442159
           32       100000        14.67       174.52      5453805
           64       100000        15.35       333.49      5210792
          128       100000        15.25       671.66      5247353
          256       100000        15.60      1312.45      5126748
          512       100000        18.64      2197.36      4291713
         1024       100000        19.37      4228.23      4129132
         2048       100000        20.18      8118.39      3964056
         4096       100000        21.97     14911.64      3640538
         8192       100000        26.46     24770.99      3023802
        16384        51200        59.20     22138.42      1351222
        32768        25600        97.23     26959.42       822736
        65536        12800       180.63     29022.59       442850
       131072         6400       376.26     27864.36       212588
       262144         3200       590.68     35495.25       135404
       524288         1600      1151.26     36417.91        69462
      1048576          800      2323.87     36075.44        34404
      2097152          400      4602.19     36405.32        17359
      4194304          200      9402.49     35592.96         8486


# All processes entering MPI_Finalize

