#------------------------------------------------------------
#    Intel(R) MPI Benchmarks 2019 Update 6, IMB-P2P part
#------------------------------------------------------------
# Date                  : Thu Sep 17 01:08:05 2020
# Machine               : x86_64
# System                : Linux
# Release               : 4.18.0-193.19.1.el8_2.x86_64
# Version               : #1 SMP Wed Aug 26 15:29:02 EDT 2020
# MPI Version           : 3.1
# MPI Thread Environment:
#
# Calling sequence was:
#
# IMB-P2P
#
# List of Benchmarks to run:
#
# PingPong
# PingPing
# Unirandom
# Birandom
# Corandom
# Stencil2D
# Stencil3D
#
# Minimum message length in bytes:   0
# Maximum message length in bytes:   4194304
#

#----------------------------------------------------------------
# Benchmarking PingPong
# #processes = 2
#----------------------------------------------------------------
       #bytes #repetitions      t[usec]   Mbytes/sec      Msg/sec
            0       100000        16.23         0.00        61625
            1       100000        16.12         0.06        62044
            2       100000        15.98         0.13        62584
            4       100000        16.21         0.25        61704
            8       100000        15.93         0.50        62788
           16       100000        16.16         0.99        61885
           32       100000        16.17         1.98        61836
           64       100000        16.38         3.91        61055
          128       100000        16.12         7.94        62026
          256       100000        16.32        15.68        61268
          512       100000        18.74        27.31        53348
         1024       100000        20.05        51.07        49877
         2048       100000        23.42        87.44        42698
         4096       100000        26.10       156.91        38308
         8192       100000        32.50       252.10        30773
        16384        51200        56.73       288.83        17629
        32768        25600        94.53       346.63        10578
        65536        12800       106.33       616.32         9404
       131072         6400       192.18       682.01         5203
       262144         3200       384.63       681.54         2600
       524288         1600       538.16       974.22         1858
      1048576          800       886.66      1182.62         1128
      2097152          400      1537.31      1364.16          650
      4194304          200      2872.21      1460.27          348

#----------------------------------------------------------------
# Benchmarking PingPing
# #processes = 2
#----------------------------------------------------------------
       #bytes #repetitions      t[usec]   Mbytes/sec      Msg/sec
            0       100000        23.79         0.00        84069
            1       100000        22.59         0.09        88527
            2       100000        22.72         0.18        88011
            4       100000        23.64         0.34        84601
            8       100000        24.73         0.65        80859
           16       100000        25.79         1.24        77551
           32       100000        24.92         2.57        80258
           64       100000        23.30         5.49        85822
          128       100000        22.12        11.57        90415
          256       100000        19.38        26.42       103201
          512       100000        23.68        43.25        84467
         1024       100000        20.49        99.95        97605
         2048       100000        30.87       132.67        64781
         4096       100000        32.55       251.66        61439
         8192       100000        36.09       453.96        55415
        16384        51200        70.23       466.57        28477
        32768        25600        88.19       743.16        22679
        65536        12800       153.89       851.70        12996
       131072         6400       264.25       992.01         7568
       262144         3200       418.45      1252.94         4780
       524288         1600       714.12      1468.34         2801
      1048576          800      1334.53      1571.43         1499
      2097152          400      2466.63      1700.41          811
      4194304          200      4581.32      1831.03          437

#----------------------------------------------------------------
# Benchmarking Unirandom
# #processes = 2
#----------------------------------------------------------------
       #bytes #repetitions      t[usec]   Mbytes/sec      Msg/sec
            0       100000        35.30         0.00        56656
            1       100000        35.13         0.06        56933
            2       100000        36.31         0.11        55088
            4       100000        35.81         0.22        55853
            8       100000        33.76         0.47        59246
           16       100000        35.31         0.91        56643
           32       100000        33.52         1.91        59674
           64       100000        35.32         3.62        56619
          128       100000        34.22         7.48        58439
          256       100000        38.02        13.47        52601
          512       100000        38.16        26.84        52418
         1024       100000        40.66        50.37        49193
         2048       100000        43.99        93.11        45462
         4096       100000        49.18       166.56        40663
         8192       100000        59.48       275.46        33625
        16384        51200        88.79       369.06        22526
        32768        25600       142.08       461.24        14076
        65536        12800       213.11       615.03         9385
       131072         6400       367.69       712.92         5439
       262144         3200       707.18       741.37         2828
       524288         1600      1038.13      1010.06         1927
      1048576          800      1753.07      1196.25         1141
      2097152          400      3081.29      1361.20          649
      4194304          200      5677.30      1477.47          352

#----------------------------------------------------------------
# Benchmarking Birandom
# #processes = 2
#----------------------------------------------------------------
       #bytes #repetitions      t[usec]   Mbytes/sec      Msg/sec
            0       100000        20.08         0.00        99602
            1       100000        20.94         0.10        95496
            2       100000        21.65         0.18        92385
            4       100000        21.46         0.37        93211
            8       100000        20.98         0.76        95327
           16       100000        21.79         1.47        91767
           32       100000        21.80         2.94        91760
           64       100000        21.27         6.02        94020
          128       100000        20.00        12.80       100025
          256       100000        19.00        26.95       105261
          512       100000        26.75        38.28        74756
         1024       100000        20.40       100.41        98058
         2048       100000        31.25       131.07        63999
         4096       100000        32.55       251.69        61447
         8192       100000        36.01       455.04        55547
        16384        51200        69.42       472.00        28808
        32768        25600        89.79       729.85        22273
        65536        12800       147.51       888.51        13558
       131072         6400       248.31      1055.72         8054
       262144         3200       393.62      1331.95         5081
       524288         1600       729.75      1436.88         2741
      1048576          800      1309.13      1601.94         1528
      2097152          400      2401.17      1746.75          833
      4194304          200      4559.80      1839.66          439

#----------------------------------------------------------------
# Benchmarking Corandom
# #processes = 2
#----------------------------------------------------------------
       #bytes #repetitions      t[usec]   Mbytes/sec      Msg/sec
            0       100000        23.15         0.00        86383
            1       100000        23.10         0.09        86588
            2       100000        22.56         0.18        88663
            4       100000        24.37         0.33        82077
            8       100000        24.33         0.66        82215
           16       100000        23.60         1.36        84744
           32       100000        22.68         2.82        88171
           64       100000        23.27         5.50        85962
          128       100000        22.08        11.59        90581
          256       100000        21.13        24.23        94657
          512       100000        23.25        44.04        86018
         1024       100000        19.69       104.04       101599
         2048       100000        30.95       132.35        64626
         4096       100000        32.18       254.57        62151
         8192       100000        35.68       459.21        56056
        16384        51200        68.61       477.63        29152
        32768        25600        88.36       741.70        22635
        65536        12800       146.74       893.18        13629
       131072         6400       234.81      1116.40         8517
       262144         3200       430.90      1216.72         4641
       524288         1600       711.97      1472.77         2809
      1048576          800      1291.28      1623.98         1549
      2097152          400      2452.46      1710.20          815
      4194304          200      4545.41      1845.47          440

# !! Benchmark Stencil2D is invalid for 2 processes !!

# !! Benchmark Stencil3D is invalid for 2 processes !!


# All processes entering MPI_Finalize

