#------------------------------------------------------------
#    Intel(R) MPI Benchmarks 2019 Update 6, IMB-P2P part
#------------------------------------------------------------
# Date                  : Wed Sep 16 22:30:09 2020
# Machine               : x86_64
# System                : Linux
# Release               : 4.18.0-193.19.1.el8_2.x86_64
# Version               : #1 SMP Wed Aug 26 15:29:02 EDT 2020
# MPI Version           : 3.1
# MPI Thread Environment:
#
# Calling sequence was:
#
# IMB-P2P
#
# List of Benchmarks to run:
#
# PingPong
# PingPing
# Unirandom
# Birandom
# Corandom
# Stencil2D
# Stencil3D
#
# Minimum message length in bytes:   0
# Maximum message length in bytes:   4194304
#

#----------------------------------------------------------------
# Benchmarking PingPong
# #processes = 80
#----------------------------------------------------------------
       #bytes #repetitions      t[usec]   Mbytes/sec      Msg/sec
            0       100000        39.84         0.00       881504
            1       100000        39.82         0.88       883077
            2       100000        39.82         1.76       882188
            4       100000        39.82         3.53       881935
            8       100000        39.82         7.06       881969
           16       100000        39.84        14.09       880895
           32       100000        39.89        28.11       878491
           64       100000        39.97        55.98       874691
          128       100000        40.03       111.73       872928
          256       100000        40.09       222.95       870909
          512       100000        41.90       419.20       818751
         1024       100000        42.22       831.05       811576
         2048       100000        43.36      1607.11       784722
         4096       100000        47.38      2933.13       716096
         8192       100000        56.99      5063.07       618050
        16384        51200       154.86      2437.99       148803
        32768        25600       443.71      1319.54        40269
        65536        12800       686.78      1682.91        25679
       131072         6400      1221.52      2222.72        16958
       262144         3200      2746.70      2027.96         7736
       524288         1600      4158.99      2822.17         5383
      1048576          800      7100.55      3503.57         3341
      2097152          400     13162.52      4173.78         1990
      4194304          200     25244.78      4792.84         1143

#----------------------------------------------------------------
# Benchmarking PingPing
# #processes = 80
#----------------------------------------------------------------
       #bytes #repetitions      t[usec]   Mbytes/sec      Msg/sec
            0       100000       201.36         0.00       118316
            1       100000       197.40         0.12       121951
            2       100000       205.17         0.23       115242
            4       100000       200.08         0.48       119450
            8       100000       177.42         1.12       140553
           16       100000       198.23         1.93       120455
           32       100000       193.94         3.99       124841
           64       100000       200.56         7.70       120309
          128       100000       172.10        18.86       147364
          256       100000       192.67        32.39       126510
          512       100000       169.61        77.54       151446
         1024       100000       133.46       222.38       217168
         2048       100000       114.78       560.40       273632
         4096       100000       114.17      1196.77       292181
         8192       100000       104.79      5682.52       693667
        16384        51200       289.08      2722.42       166163
        32768        25600       390.32      4065.56       124071
        65536        12800       741.37      4208.43        64216
       131072         6400      1675.06      3777.86        28823
       262144         3200      4183.36      2733.61        10428
       524288         1600      7059.79      3162.21         6031
      1048576          800     12568.18      4005.47         3820
      2097152          400     24315.84      4490.85         2141
      4194304          200     47372.10      4993.97         1191

#----------------------------------------------------------------
# Benchmarking Unirandom
# #processes = 80
#----------------------------------------------------------------
       #bytes #repetitions      t[usec]   Mbytes/sec      Msg/sec
            0       100000       140.65         0.00       568767
            1       100000       139.74         0.57       572467
            2       100000       143.17         1.12       558760
            4       100000       142.10         2.25       562964
            8       100000       138.10         4.63       579289
           16       100000       141.04         9.08       567211
           32       100000       147.30        17.38       543096
           64       100000       140.56        36.43       569152
          128       100000       141.53        72.35       565260
          256       100000       138.46       147.91       577760
          512       100000       154.59       264.96       517502
         1024       100000       156.30       524.10       511813
         2048       100000       161.08      1017.11       496634
         4096       100000       169.12      1937.57       473040
         8192       100000       182.61      3588.85       438092
        16384        51200       344.11      3808.91       232477
        32768        25600       508.04      5159.13       157444
        65536        12800       822.60      6372.61        97238
       131072         6400      1510.86      6939.37        52943
       262144         3200      2621.32      7998.13        30510
       524288         1600      4898.34      8558.61        16324
      1048576          800     10146.25      8261.84         7879
      2097152          400     19922.21      8405.24         4008
      4194304          200     37942.55      8819.18         2103

#----------------------------------------------------------------
# Benchmarking Birandom
# #processes = 80
#----------------------------------------------------------------
       #bytes #repetitions      t[usec]   Mbytes/sec      Msg/sec
            0       100000       135.27         0.00       591416
            1       100000       136.40         0.59       586513
            2       100000       137.12         1.17       583436
            4       100000       140.38         2.28       569881
            8       100000       135.69         4.72       589528
           16       100000       135.86         9.42       588834
           32       100000       135.45        18.90       590613
           64       100000       136.96        37.38       584119
          128       100000       136.05        75.26       587998
          256       100000       140.50       145.77       569399
          512       100000       152.54       268.51       524435
         1024       100000       153.73       532.88       520389
         2048       100000       157.32      1041.41       508502
         4096       100000       165.41      1980.95       483630
         8192       100000       176.28      3717.63       453812
        16384        51200       344.14      3808.66       232462
        32768        25600       495.46      5290.23       161445
        65536        12800       785.71      6672.42       101813
       131072         6400      1412.35      7423.73        56639
       262144         3200      2439.10      8596.09        32791
       524288         1600      4781.83      8767.60        16723
      1048576          800      9810.81      8544.63         8149
      2097152          400     19525.47      8580.61         4092
      4194304          200     42212.09      7912.50         1886

#----------------------------------------------------------------
# Benchmarking Corandom
# #processes = 80
#----------------------------------------------------------------
       #bytes #repetitions      t[usec]   Mbytes/sec      Msg/sec
            0       100000        96.20         0.00       831565
            1       100000        93.55         0.86       855154
            2       100000        98.36         1.63       813343
            4       100000        94.49         3.39       846664
            8       100000        95.46         6.70       838052
           16       100000        95.57        13.39       837092
           32       100000        93.10        27.50       859265
           64       100000        95.16        53.80       840638
          128       100000        98.81       103.63       809590
          256       100000        96.94       211.27       825265
          512       100000       111.31       367.96       718668
         1024       100000       109.41       748.75       731205
         2048       100000       114.43      1431.77       699105
         4096       100000       131.33      2495.09       609152
         8192       100000       130.49      5022.39       613084
        16384        51200       350.17      3743.06       228458
        32768        25600       513.67      5103.21       155738
        65536        12800       774.78      6764.51       103218
       131072         6400      1414.35      7407.81        56517
       262144         3200      2405.55      8716.93        33252
       524288         1600      4275.30      9807.71        18707
      1048576          800      9646.05      8692.76         8290
      2097152          400     30293.33      5462.74         2605
      4194304          200     48326.69      6925.03         1651

#----------------------------------------------------------------
# Benchmarking Stencil2D (8 x 10)
# #processes = 80
#----------------------------------------------------------------
       #bytes #repetitions      t[usec]   Mbytes/sec      Msg/sec
            0       100000        56.58         0.00      1413658
            1       100000        57.01         1.40      1403231
            2       100000        58.42         2.74      1369051
            4       100000        55.78         5.74      1434161
            8       100000        54.35        11.77      1471862
           16       100000        58.72        21.80      1362504
           32       100000        59.49        43.03      1344656
           64       100000        52.87        96.83      1513042
          128       100000        56.12       182.47      1425581
          256       100000        61.20       334.63      1307164
          512       100000        64.05       639.51      1249043
         1024       100000        63.70      1286.08      1255940
         2048       100000        67.38      2431.51      1187261
         4096       100000        69.84      4691.76      1145449
         8192       100000        76.89      8522.76      1040376
        16384        51200       196.65      6664.00       406738
        32768        25600       265.52      9872.61       301288
        65536        12800       403.50     12992.64       198252
       131072         6400       875.05     11978.68        91390
       262144         3200      1136.60     18439.58        70341
       524288         1600      1826.37     22947.69        43769
      1048576          800      3210.16     26117.95        24908
      2097152          400      5793.60     28479.84        13580
      4194304          200     11467.45     29128.95         6945

#----------------------------------------------------------------
# Benchmarking Stencil3D (4 x 5 x 4)
# #processes = 80
#----------------------------------------------------------------
       #bytes #repetitions      t[usec]   Mbytes/sec      Msg/sec
            0       100000        54.35         0.00      1471915
            1       100000        55.91         1.43      1430802
            2       100000        54.72         2.92      1461959
            4       100000        53.76         5.95      1488006
            8       100000        55.02        11.63      1453677
           16       100000        53.80        23.79      1486917
           32       100000        54.26        47.18      1474401
           64       100000        55.91        91.57      1430855
          128       100000        57.46       178.22      1392336
          256       100000        59.32       345.27      1348698
          512       100000        63.33       646.74      1263166
         1024       100000        64.71      1265.96      1236291
         2048       100000        63.62      2574.88      1257264
         4096       100000        69.24      4732.52      1155400
         8192       100000        77.61      8443.84      1030742
        16384        51200       186.89      7013.16       428049
        32768        25600       275.81      9504.34       290049
        65536        12800       440.77     11894.31       181493
       131072         6400       797.46     13148.03       100311
       262144         3200      1291.31     16236.72        61938
       524288         1600      2308.78     18161.45        34640
      1048576          800      3876.53     21631.30        20629
      2097152          400      6993.50     23959.45        11425
      4194304          200     13192.57     25371.05         6049


# All processes entering MPI_Finalize

