#------------------------------------------------------------
#    Intel(R) MPI Benchmarks 2019 Update 6, IMB-P2P part
#------------------------------------------------------------
# Date                  : Wed Sep 16 17:45:49 2020
# Machine               : x86_64
# System                : Linux
# Release               : 4.18.0-193.19.1.el8_2.x86_64
# Version               : #1 SMP Wed Aug 26 15:29:02 EDT 2020
# MPI Version           : 3.1
# MPI Thread Environment:
#
# Calling sequence was:
#
# IMB-P2P
#
# List of Benchmarks to run:
#
# PingPong
# PingPing
# Unirandom
# Birandom
# Corandom
# Stencil2D
# Stencil3D
#
# Minimum message length in bytes:   0
# Maximum message length in bytes:   4194304
#

#----------------------------------------------------------------
# Benchmarking PingPong
# #processes = 80
#----------------------------------------------------------------
       #bytes #repetitions      t[usec]   Mbytes/sec      Msg/sec
            0       100000        18.99         0.00      1409615
            1       100000        18.63         1.58      1576478
            2       100000        18.53         3.32      1657990
            4       100000        18.80         6.46      1615095
            8       100000        18.64        13.19      1649321
           16       100000        18.59        26.28      1642314
           32       100000        18.56        52.86      1651840
           64       100000        18.58       106.24      1660063
          128       100000        18.45       211.75      1654267
          256       100000        18.66       421.61      1646924
          512       100000        21.49       733.63      1432877
         1024       100000        22.48      1457.39      1423236
         2048       100000        30.70      1989.38       971375
         4096       100000        32.81      3686.93       900128
         8192       100000        37.57      6389.64       779985
        16384        51200        63.80      7332.84       447561
        32768        25600        95.30      9326.48       284622
        65536        12800       161.00     11074.50       168983
       131072         6400       280.47     14051.98       107208
       262144         3200       497.24     16563.73        63186
       524288         1600      1174.57      8855.65        16891
      1048576          800      2651.62      7752.37         7393
      2097152          400      4914.32     10593.61         5051
      4194304          200      8746.75     11985.77         2858

#----------------------------------------------------------------
# Benchmarking PingPing
# #processes = 80
#----------------------------------------------------------------
       #bytes #repetitions      t[usec]   Mbytes/sec      Msg/sec
            0       100000        29.55         0.00      2031696
            1       100000        29.50         2.00      1998340
            2       100000        29.51         3.99      1992591
            4       100000        29.93         7.94      1984621
            8       100000        29.34        15.40      1925199
           16       100000        29.50        32.42      2026174
           32       100000        29.43        63.57      1986594
           64       100000        29.39       131.18      2049689
          128       100000        29.20       248.74      1943302
          256       100000        28.99       526.84      2057983
          512       100000        32.37       898.55      1754990
         1024       100000        32.28      1895.83      1851398
         2048       100000        44.66      2602.30      1270654
         4096       100000        48.09      4776.46      1166128
         8192       100000        55.04      8154.44       995415
        16384        51200        87.88     10459.54       638400
        32768        25600       140.11     13384.82       408472
        65536        12800       240.69     14191.08       216539
       131072         6400       454.89     13770.61       105061
       262144         3200       886.59     15263.99        58227
       524288         1600      2306.46      7510.81        14326
      1048576          800      4772.78      8706.33         8303
      2097152          400      8878.42     10673.28         5089
      4194304          200     16869.60     12681.42         3023

#----------------------------------------------------------------
# Benchmarking Unirandom
# #processes = 80
#----------------------------------------------------------------
       #bytes #repetitions      t[usec]   Mbytes/sec      Msg/sec
            0       100000        77.21         0.00      1036072
            1       100000        72.37         1.11      1105344
            2       100000        70.20         2.28      1139631
            4       100000        71.09         4.50      1125291
            8       100000        70.03         9.14      1142401
           16       100000        70.60        18.13      1133095
           32       100000        71.52        35.79      1118475
           64       100000        72.38        70.73      1105215
          128       100000        72.82       140.62      1098584
          256       100000        72.66       281.84      1100932
          512       100000        82.21       498.25       973143
         1024       100000        87.70       934.05       912160
         2048       100000        96.82      1692.16       826252
         4096       100000       101.04      3242.98       791744
         8192       100000       112.76      5811.73       709440
        16384        51200       179.44      7304.06       445805
        32768        25600       266.58      9832.82       300074
        65536        12800       438.79     11946.26       182285
       131072         6400       822.60     12744.05        97229
       262144         3200      1691.17     12397.03        47291
       524288         1600      2902.90     14439.05        27540
      1048576          800      6117.27     13700.24        13066
      2097152          400     14583.46     11479.79         5474
      4194304          200     36284.84      9227.99         2200

#----------------------------------------------------------------
# Benchmarking Birandom
# #processes = 80
#----------------------------------------------------------------
       #bytes #repetitions      t[usec]   Mbytes/sec      Msg/sec
            0       100000        70.13         0.00      1140749
            1       100000        72.76         1.10      1099435
            2       100000        73.53         2.18      1087996
            4       100000        72.49         4.41      1103648
            8       100000        69.09         9.26      1157892
           16       100000        70.51        18.15      1134515
           32       100000        74.16        34.52      1078657
           64       100000        72.01        71.10      1110982
          128       100000        73.12       140.04      1094037
          256       100000        72.46       282.65      1104114
          512       100000        86.92       471.24       920389
         1024       100000        86.87       943.03       920929
         2048       100000       101.73      1610.52       786387
         4096       100000       106.44      3078.37       751555
         8192       100000       116.65      5618.06       685798
        16384        51200       181.22      7232.61       441444
        32768        25600       274.12      9562.71       291831
        65536        12800       454.53     11533.94       175994
       131072         6400       860.64     12182.53        92945
       262144         3200      1444.67     14512.76        55362
       524288         1600      3000.74     13970.57        26647
      1048576          800      9755.60      8594.05         8196
      2097152          400     28440.54      5893.25         2810
      4194304          200     65611.43      5088.98         1213

#----------------------------------------------------------------
# Benchmarking Corandom
# #processes = 80
#----------------------------------------------------------------
       #bytes #repetitions      t[usec]   Mbytes/sec      Msg/sec
            0       100000        45.25         0.00      1767960
            1       100000        45.93         1.74      1741714
            2       100000        45.48         3.52      1759136
            4       100000        45.80         6.99      1746763
            8       100000        44.84        14.27      1784134
           16       100000        45.47        28.15      1759519
           32       100000        46.22        55.39      1730785
           64       100000        45.35       112.89      1763855
          128       100000        46.91       218.28      1705322
          256       100000        45.54       449.69      1756588
          512       100000        51.87       789.61      1542212
         1024       100000        53.04      1544.44      1508241
         2048       100000        58.87      2782.97      1358870
         4096       100000        62.82      5215.88      1273407
         8192       100000        68.26      9601.23      1172025
        16384        51200       106.02     12362.58       754552
        32768        25600       165.01     15885.88       484799
        65536        12800       268.38     19533.60       298059
       131072         6400       499.58     20985.64       160108
       262144         3200       803.08     26109.19        99599
       524288         1600      2954.92     14185.35        27056
      1048576          800     14127.12      5934.85         5660
      2097152          400     31498.49      5323.47         2538
      4194304          200     53708.18      6217.77         1482

#----------------------------------------------------------------
# Benchmarking Stencil2D (8 x 10)
# #processes = 80
#----------------------------------------------------------------
       #bytes #repetitions      t[usec]   Mbytes/sec      Msg/sec
            0       100000        22.59         0.00      3540529
            1       100000        20.41         3.92      3919278
            2       100000        23.05         6.94      3470599
            4       100000        21.76        14.71      3677246
            8       100000        20.35        31.45      3930710
           16       100000        21.33        60.00      3750056
           32       100000        21.16       120.98      3780528
           64       100000        20.86       245.46      3835334
          128       100000        20.42       501.36      3916886
          256       100000        17.56      1166.55      4556817
          512       100000        20.92      1957.65      3823538
         1024       100000        20.77      3944.74      3852285
         2048       100000        29.42      5568.75      2719114
         4096       100000        29.63     11057.23      2699518
         8192       100000        32.99     19864.19      2424827
        16384        51200        48.41     27072.41      1652369
        32768        25600        77.30     33912.78      1034936
        65536        12800       148.32     35345.27       539326
       131072         6400       321.59     32599.09       248711
       262144         3200       405.46     51714.79       197276
       524288         1600       990.96     42303.06        80687
      1048576          800      1827.61     45850.12        43726
      2097152          400      3818.13     43839.94        20905
      4194304          200      7820.60     42746.69        10192

#----------------------------------------------------------------
# Benchmarking Stencil3D (4 x 5 x 4)
# #processes = 80
#----------------------------------------------------------------
       #bytes #repetitions      t[usec]   Mbytes/sec      Msg/sec
            0       100000        20.41         0.00      3919395
            1       100000        17.19         4.65      4652548
            2       100000        16.23         9.86      4929179
            4       100000        16.08        19.91      4976351
            8       100000        16.29        39.28      4910426
           16       100000        15.90        80.50      5031518
           32       100000        16.66       153.63      4801031
           64       100000        15.98       320.45      5007106
          128       100000        16.03       638.94      4991750
          256       100000        15.28      1340.26      5235397
          512       100000        18.07      2266.81      4427357
         1024       100000        18.47      4434.54      4330605
         2048       100000        22.79      7190.29      3510885
         4096       100000        24.41     13424.83      3277546
         8192       100000        28.77     22777.99      2780517
        16384        51200        51.60     25399.67      1550273
        32768        25600        88.00     29788.04       909059
        65536        12800       172.16     30450.80       464642
       131072         6400       360.78     29059.53       221707
       262144         3200       454.60     46123.97       175949
       524288         1600      1104.20     37974.88        72431
      1048576          800      2165.93     38022.52        36261
      2097152          400      3888.95     43098.84        20551
      4194304          200      7419.85     45101.52        10753


# All processes entering MPI_Finalize

