#------------------------------------------------------------
#    Intel(R) MPI Benchmarks 2019 Update 6, IMB-P2P part
#------------------------------------------------------------
# Date                  : Thu Sep 17 02:23:18 2020
# Machine               : x86_64
# System                : Linux
# Release               : 4.18.0-193.19.1.el8_2.x86_64
# Version               : #1 SMP Wed Aug 26 15:29:02 EDT 2020
# MPI Version           : 3.1
# MPI Thread Environment:
#
# Calling sequence was:
#
# IMB-P2P
#
# List of Benchmarks to run:
#
# PingPong
# PingPing
# Unirandom
# Birandom
# Corandom
# Stencil2D
# Stencil3D
#
# Minimum message length in bytes:   0
# Maximum message length in bytes:   4194304
#

#----------------------------------------------------------------
# Benchmarking PingPong
# #processes = 2
#----------------------------------------------------------------
       #bytes #repetitions      t[usec]   Mbytes/sec      Msg/sec
            0       100000         1.03         0.00       968187
            1       100000         1.04         0.96       964227
            2       100000         1.03         1.93       967091
            4       100000         1.04         3.85       963321
            8       100000         1.03         7.75       969267
           16       100000         1.03        15.47       967130
           32       100000         1.10        29.00       906224
           64       100000         1.14        56.03       875428
          128       100000         1.58        81.16       634077
          256       100000         1.63       156.99       613230
          512       100000         1.72       296.96       579995
         1024       100000         1.94       526.95       514601
         2048       100000         2.39       855.72       417832
         4096       100000         3.15      1302.31       317946
         8192       100000         4.51      1818.40       221973
        16384        51200         6.63      2471.62       150856
        32768        25600        11.90      2753.70        84036
        65536        12800        16.91      3876.24        59147
       131072         6400        30.64      4278.46        32642
       262144         3200        49.49      5297.03        20207
       524288         1600        90.14      5815.93        11093
      1048576          800       174.13      6021.52         5743
      2097152          400       341.37      6142.52         2929
      4194304          200       709.57      5909.43         1409

#----------------------------------------------------------------
# Benchmarking PingPing
# #processes = 2
#----------------------------------------------------------------
       #bytes #repetitions      t[usec]   Mbytes/sec      Msg/sec
            0       100000         1.10         0.00      1822758
            1       100000         1.09         1.83      1828795
            2       100000         1.10         3.65      1823440
            4       100000         1.10         7.30      1825044
            8       100000         1.08        14.75      1844039
           16       100000         1.10        29.15      1821713
           32       100000         1.17        54.84      1713847
           64       100000         1.21       105.98      1655911
          128       100000         1.66       154.49      1206964
          256       100000         1.72       298.42      1165706
          512       100000         1.81       565.54      1104571
         1024       100000         2.03      1010.83       987140
         2048       100000         2.70      1517.31       740873
         4096       100000         3.41      2401.05       586193
         8192       100000         4.83      3394.10       414319
        16384        51200         6.99      4688.28       286150
        32768        25600        13.40      4891.85       149287
        65536        12800        18.78      6978.15       106478
       131072         6400        32.60      8041.95        61355
       262144         3200        51.17     10246.79        39088
       524288         1600        91.03     11519.19        21971
      1048576          800       175.96     11918.08        11366
      2097152          400       340.87     12304.38         5867
      4194304          200       705.09     11896.68         2836

#----------------------------------------------------------------
# Benchmarking Unirandom
# #processes = 2
#----------------------------------------------------------------
       #bytes #repetitions      t[usec]   Mbytes/sec      Msg/sec
            0       100000         1.28         0.00      1568173
            1       100000         1.28         1.57      1568152
            2       100000         1.28         3.12      1562194
            4       100000         1.29         6.22      1554666
            8       100000         1.27        12.58      1572530
           16       100000         1.29        24.81      1550316
           32       100000         1.36        47.20      1474937
           64       100000         1.41        90.94      1420933
          128       100000         2.05       124.64       973712
          256       100000         2.13       240.01       937535
          512       100000         2.25       455.22       889111
         1024       100000         2.54       805.30       786429
         2048       100000         4.96       826.32       403475
         4096       100000         6.37      1286.77       314153
         8192       100000         8.98      1824.82       222756
        16384        51200        13.23      2477.42       151210
        32768        25600        24.10      2719.14        82982
        65536        12800        33.14      3955.26        60353
       131072         6400        58.51      4480.51        34184
       262144         3200        92.11      5691.90        21713
       524288         1600       165.10      6351.11        12114
      1048576          800       307.36      6822.59         6507
      2097152          400       616.93      6797.72         3241
      4194304          200      1277.42      6564.79         1565

#----------------------------------------------------------------
# Benchmarking Birandom
# #processes = 2
#----------------------------------------------------------------
       #bytes #repetitions      t[usec]   Mbytes/sec      Msg/sec
            0       100000         1.12         0.00      1787709
            1       100000         1.12         1.79      1787916
            2       100000         1.12         3.57      1785706
            4       100000         1.12         7.17      1791547
            8       100000         1.11        14.44      1804957
           16       100000         1.12        28.60      1787456
           32       100000         1.19        53.77      1680357
           64       100000         1.23       104.00      1624956
          128       100000         1.67       152.97      1195041
          256       100000         1.73       295.58      1154620
          512       100000         1.82       562.58      1098793
         1024       100000         2.04      1003.65       980123
         2048       100000         2.74      1495.56       730256
         4096       100000         3.44      2380.97       581291
         8192       100000         4.83      3391.67       414022
        16384        51200         7.00      4678.66       285563
        32768        25600        13.43      4879.65       148915
        65536        12800        18.84      6957.55       106164
       131072         6400        32.63      8032.71        61285
       262144         3200        51.17     10246.74        39088
       524288         1600        90.79     11549.99        22030
      1048576          800       176.12     11907.45        11356
      2097152          400       344.63     12170.51         5803
      4194304          200       700.56     11973.86         2855

#----------------------------------------------------------------
# Benchmarking Corandom
# #processes = 2
#----------------------------------------------------------------
       #bytes #repetitions      t[usec]   Mbytes/sec      Msg/sec
            0       100000         1.11         0.00      1797059
            1       100000         1.11         1.80      1801545
            2       100000         1.11         3.59      1795104
            4       100000         1.11         7.18      1795956
            8       100000         1.10        14.51      1814249
           16       100000         1.11        28.71      1794590
           32       100000         1.19        53.92      1685082
           64       100000         1.23       104.30      1629713
          128       100000         1.67       153.27      1197423
          256       100000         1.73       295.94      1156032
          512       100000         1.82       562.61      1098847
         1024       100000         2.04      1003.16       979650
         2048       100000         2.71      1510.19       737396
         4096       100000         3.43      2390.86       583706
         8192       100000         4.83      3392.70       414148
        16384        51200         7.00      4682.26       285782
        32768        25600        13.47      4867.00       148529
        65536        12800        18.93      6922.40       105627
       131072         6400        32.51      8062.42        61511
       262144         3200        51.01     10277.74        39206
       524288         1600        90.41     11598.52        22122
      1048576          800       178.63     11739.87        11196
      2097152          400       344.04     12191.35         5813
      4194304          200       717.27     11695.02         2788

# !! Benchmark Stencil2D is invalid for 2 processes !!

# !! Benchmark Stencil3D is invalid for 2 processes !!


# All processes entering MPI_Finalize

