#------------------------------------------------------------
#    Intel(R) MPI Benchmarks 2019 Update 6, IMB-P2P part
#------------------------------------------------------------
# Date                  : Wed Sep 16 19:08:12 2020
# Machine               : x86_64
# System                : Linux
# Release               : 4.18.0-193.19.1.el8_2.x86_64
# Version               : #1 SMP Wed Aug 26 15:29:02 EDT 2020
# MPI Version           : 3.1
# MPI Thread Environment:
#
# Calling sequence was:
#
# IMB-P2P
#
# List of Benchmarks to run:
#
# PingPong
# PingPing
# Unirandom
# Birandom
# Corandom
# Stencil2D
# Stencil3D
#
# Minimum message length in bytes:   0
# Maximum message length in bytes:   4194304
#

#----------------------------------------------------------------
# Benchmarking PingPong
# #processes = 80
#----------------------------------------------------------------
       #bytes #repetitions      t[usec]   Mbytes/sec      Msg/sec
            0       100000         1.19         0.00     33355663
            1       100000         1.19        33.48     33479363
            2       100000         1.19        66.70     33350704
            4       100000         1.19       134.00     33500200
            8       100000         1.17       268.96     33620253
           16       100000         1.19       535.54     33471233
           32       100000         1.27       999.35     31229809
           64       100000         1.29      1957.64     30588147
          128       100000         1.91      2669.00     20851575
          256       100000         2.06      4940.25     19297859
          512       100000         2.32      8680.53     16954154
         1024       100000         2.61     15344.26     14984630
         2048       100000         3.12     26138.89     12763131
         4096       100000         4.32     37763.32      9219560
         8192       100000        11.17     28969.93      3536368
        16384        51200        13.68     47744.73      2914107
        32768        25600        29.85     43554.62      1329182
        65536        12800        83.98     28812.64       439646
       131072         6400       170.21     29145.23       222360
       262144         3200       346.61     28712.74       109530
       524288         1600       671.67     30768.59        58686
      1048576          800      1331.56     29585.83        28215
      2097152          400      2309.45     35694.94        17021
      4194304          200      4291.65     38712.45         9230

#----------------------------------------------------------------
# Benchmarking PingPing
# #processes = 80
#----------------------------------------------------------------
       #bytes #repetitions      t[usec]   Mbytes/sec      Msg/sec
            0       100000         1.31         0.00     60111706
            1       100000         1.31        60.32     60317122
            2       100000         1.31       120.14     60068003
            4       100000         1.31       240.90     60224660
            8       100000         1.30       486.67     60833934
           16       100000         1.32       962.40     60150225
           32       100000         1.40      1788.87     55902245
           64       100000         1.42      3564.98     55702847
          128       100000         2.14      4709.26     36791056
          256       100000         2.29      8773.30     34270707
          512       100000         2.55     15814.10     30886921
         1024       100000         2.91     27544.30     26898726
         2048       100000         4.12     39397.00     19236818
         4096       100000         6.99     46728.77     11408392
         8192       100000        22.64     28509.45      3480157
        16384        51200        36.85     35063.91      2140131
        32768        25600        65.34     39768.21      1213630
        65536        12800       117.17     43154.59       658487
       131072         6400       221.76     45147.13       344445
       262144         3200       433.98     46378.45       176920
       524288         1600       861.65     46770.60        89208
      1048576          800      1681.14     48523.99        46276
      2097152          400      3420.50     48571.15        23161
      4194304          200      6824.70     49072.07        11700

#----------------------------------------------------------------
# Benchmarking Unirandom
# #processes = 80
#----------------------------------------------------------------
       #bytes #repetitions      t[usec]   Mbytes/sec      Msg/sec
            0       100000         5.64         0.00     14172303
            1       100000         5.64        14.17     14171466
            2       100000         5.59        28.60     14298572
            4       100000         5.64        56.75     14187480
            8       100000         5.67       112.93     14116558
           16       100000         5.67       225.66     14103725
           32       100000         5.72       447.31     13978371
           64       100000         5.90       867.37     13552728
          128       100000         6.79      1508.73     11786946
          256       100000         6.96      2942.79     11495286
          512       100000         7.78      5267.50     10288086
         1024       100000         8.47      9673.10      9446384
         2048       100000        15.31     10699.04      5224140
         4096       100000        17.94     18260.56      4458145
         8192       100000        27.08     24198.82      2953957
        16384        51200        42.05     31167.63      1902321
        32768        25600        76.31     34351.73      1048332
        65536        12800       191.25     27410.96       418258
       131072         6400       367.87     28499.73       217436
       262144         3200       713.60     29379.78       112075
       524288         1600      1407.72     29773.35        56788
      1048576          800      2795.09     29981.01        28592
      2097152          400      5807.00     28819.14        13742
      4194304          200     11801.83     28324.72         6753

#----------------------------------------------------------------
# Benchmarking Birandom
# #processes = 80
#----------------------------------------------------------------
       #bytes #repetitions      t[usec]   Mbytes/sec      Msg/sec
            0       100000         6.07         0.00     13172614
            1       100000         6.02        13.30     13299557
            2       100000         6.03        26.52     13260185
            4       100000         6.03        53.04     13260735
            8       100000         6.14       104.19     13023469
           16       100000         6.07       210.77     13172898
           32       100000         6.22       411.24     12851254
           64       100000         6.45       794.00     12406194
          128       100000         7.36      1392.22     10876686
          256       100000         7.74      2646.82     10339150
          512       100000         8.45      4846.24      9465305
         1024       100000         9.29      8815.86      8609242
         2048       100000        15.59     10506.45      5130103
         4096       100000        18.64     17583.08      4292745
         8192       100000        27.78     23592.69      2879967
        16384        51200        42.22     31046.52      1894929
        32768        25600        76.14     34428.52      1050675
        65536        12800       156.38     33523.44       511527
       131072         6400       300.55     34884.64       266149
       262144         3200       578.74     36227.66       138198
       524288         1600      1149.99     36453.84        69530
      1048576          800      2307.71     36315.14        34633
      2097152          400      4813.34     34791.57        16590
      4194304          200      9807.10     34082.76         8126

#----------------------------------------------------------------
# Benchmarking Corandom
# #processes = 80
#----------------------------------------------------------------
       #bytes #repetitions      t[usec]   Mbytes/sec      Msg/sec
            0       100000         3.62         0.00     22072226
            1       100000         3.51        22.79     22792997
            2       100000         3.55        45.05     22526451
            4       100000         3.50        91.31     22827648
            8       100000         3.54       180.85     22606287
           16       100000         3.51       364.30     22768553
           32       100000         3.62       706.97     22092699
           64       100000         3.70      1382.87     21607286
          128       100000         4.18      2450.37     19143553
          256       100000         4.33      4728.99     18472611
          512       100000         4.63      8839.21     17264077
         1024       100000         5.00     16383.64     15999649
         2048       100000         7.87     20813.66     10162922
         4096       100000        10.22     32057.36      7826505
         8192       100000        17.76     36891.11      4503310
        16384        51200        33.00     39722.88      2424492
        32768        25600        66.04     39689.86      1211238
        65536        12800       144.06     36392.93       555312
       131072         6400       284.41     36863.07       281243
       262144         3200       561.73     37327.92       142395
       524288         1600      1105.81     37916.65        72320
      1048576          800      2212.50     37886.14        36131
      2097152          400      4406.73     38033.26        18136
      4194304          200      8852.01     37793.72         9011

#----------------------------------------------------------------
# Benchmarking Stencil2D (8 x 10)
# #processes = 80
#----------------------------------------------------------------
       #bytes #repetitions      t[usec]   Mbytes/sec      Msg/sec
            0       100000         1.37         0.00     58238849
            1       100000         1.38        58.07     58070145
            2       100000         1.38       116.24     58117731
            4       100000         1.38       232.29     58071274
            8       100000         1.37       466.96     58370604
           16       100000         1.38       927.78     57986419
           32       100000         1.41      1817.60     56799886
           64       100000         1.44      3567.36     55740026
          128       100000         1.55      6592.05     51500393
          256       100000         1.60     12812.92     50050461
          512       100000         1.68     24433.76     47722191
         1024       100000         1.84     44518.64     43475232
         2048       100000         2.92     56196.30     27439599
         4096       100000         4.19     78143.61     19078029
         8192       100000         7.82     83814.70     10231287
        16384        51200        15.87     82600.31      5041523
        32768        25600        31.64     82855.02      2528535
        65536        12800        61.26     85580.10      1305849
       131072         6400       121.17     86522.66       660116
       262144         3200       240.97     87006.29       331903
       524288         1600       572.32     73280.14       139771
      1048576          800      1244.16     67410.81        64288
      2097152          400      2355.62     71185.81        33944
      4194304          200      4796.62     69886.55        16662

#----------------------------------------------------------------
# Benchmarking Stencil3D (4 x 5 x 4)
# #processes = 80
#----------------------------------------------------------------
       #bytes #repetitions      t[usec]   Mbytes/sec      Msg/sec
            0       100000         1.08         0.00     74117927
            1       100000         1.08        74.30     74301231
            2       100000         1.08       148.38     74188613
            4       100000         1.07       298.99     74746912
            8       100000         1.07       598.84     74855357
           16       100000         1.11      1154.95     72184114
           32       100000         1.11      2311.74     72241761
           64       100000         1.12      4573.70     71464101
          128       100000         1.26      8120.18     63438874
          256       100000         1.31     15685.70     61272261
          512       100000         1.33     30690.12     59941641
         1024       100000         1.50     54728.00     53445308
         2048       100000         2.52     65117.33     31795572
         4096       100000         5.29     61885.39     15108739
         8192       100000        10.30     63650.53      7769841
        16384        51200        20.44     64131.28      3914263
        32768        25600        40.70     64410.08      1965640
        65536        12800        81.13     64617.97       985992
       131072         6400       161.89     64765.53       494122
       262144         3200       322.95     64928.87       247684
       524288         1600       649.38     64582.67       123182
      1048576          800      1362.64     61551.82        58700
      2097152          400      2569.62     65261.19        31119
      4194304          200      5165.33     64911.68        15476


# All processes entering MPI_Finalize

