#------------------------------------------------------------
#    Intel(R) MPI Benchmarks 2019 Update 6, IMB-P2P part
#------------------------------------------------------------
# Date                  : Wed Sep 16 20:42:52 2020
# Machine               : x86_64
# System                : Linux
# Release               : 4.18.0-193.19.1.el8_2.x86_64
# Version               : #1 SMP Wed Aug 26 15:29:02 EDT 2020
# MPI Version           : 3.1
# MPI Thread Environment:
#
# Calling sequence was:
#
# IMB-P2P
#
# List of Benchmarks to run:
#
# PingPong
# PingPing
# Unirandom
# Birandom
# Corandom
# Stencil2D
# Stencil3D
#
# Minimum message length in bytes:   0
# Maximum message length in bytes:   4194304
#

#----------------------------------------------------------------
# Benchmarking PingPong
# #processes = 2
#----------------------------------------------------------------
       #bytes #repetitions      t[usec]   Mbytes/sec      Msg/sec
            0       100000        15.59         0.00        64156
            1       100000        15.56         0.06        64275
            2       100000        15.54         0.13        64344
            4       100000        15.58         0.26        64183
            8       100000        15.54         0.51        64335
           16       100000        15.56         1.03        64263
           32       100000        15.54         2.06        64331
           64       100000        15.65         4.09        63888
          128       100000        15.68         8.16        63764
          256       100000        15.77        16.23        63392
          512       100000        17.05        30.03        58648
         1024       100000        17.51        58.50        57126
         2048       100000        18.78       109.03        53236
         4096       100000        21.90       187.01        45657
         8192       100000        26.66       307.33        37516
        16384        51200        64.42       254.32        15522
        32768        25600        71.59       457.73        13969
        65536        12800       114.16       574.06         8759
       131072         6400       131.21       998.90         7621
       262144         3200       244.43      1072.49         4091
       524288         1600       380.45      1378.08         2628
      1048576          800       589.75      1778.00         1696
      2097152          400      1055.79      1986.26          947
      4194304          200      2003.44      2093.39          499

#----------------------------------------------------------------
# Benchmarking PingPing
# #processes = 2
#----------------------------------------------------------------
       #bytes #repetitions      t[usec]   Mbytes/sec      Msg/sec
            0       100000        64.69         0.00        30915
            1       100000        32.67         0.06        61223
            2       100000        34.55         0.12        57888
            4       100000        31.85         0.25        62804
            8       100000        32.54         0.49        61466
           16       100000        32.60         0.98        61353
           32       100000        56.68         1.13        35285
           64       100000        33.85         3.78        59087
          128       100000        42.92         5.96        46599
          256       100000        32.92        15.55        60761
          512       100000        53.59        19.11        37321
         1024       100000        52.68        38.88        37967
         2048       100000        32.62       125.58        61320
         4096       100000        46.67       175.52        42851
         8192       100000        42.71       383.58        46824
        16384        51200        59.21       553.43        33779
        32768        25600        77.61       844.46        25771
        65536        12800       100.23      1307.63        19953
       131072         6400       138.57      1891.74        14433
       262144         3200       246.91      2123.35         8100
       524288         1600       391.08      2681.20         5114
      1048576          800       651.21      3220.35         3071
      2097152          400      1113.03      3768.28         1797
      4194304          200      2190.83      3828.88          913

#----------------------------------------------------------------
# Benchmarking Unirandom
# #processes = 2
#----------------------------------------------------------------
       #bytes #repetitions      t[usec]   Mbytes/sec      Msg/sec
            0       100000        44.66         0.00        44788
            1       100000        44.31         0.05        45136
            2       100000        44.02         0.09        45431
            4       100000        44.53         0.18        44913
            8       100000        44.40         0.36        45040
           16       100000        44.09         0.73        45357
           32       100000        44.09         1.45        45363
           64       100000        44.36         2.89        45081
          128       100000        44.66         5.73        44779
          256       100000        44.26        11.57        45184
          512       100000        44.77        22.87        44670
         1024       100000        39.93        51.29        50087
         2048       100000        40.61       100.85        49244
         4096       100000        43.41       188.73        46078
         8192       100000        48.65       336.79        41112
        16384        51200        79.43       412.53        25179
        32768        25600        96.29       680.60        20770
        65536        12800       131.76       994.75        15179
       131072         6400       192.79      1359.69        10374
       262144         3200       439.80      1192.10         4548
       524288         1600       692.01      1515.24         2890
      1048576          800      1097.15      1911.44         1823
      2097152          400      2034.94      2061.10          983
      4194304          200      3851.47      2177.84          519

#----------------------------------------------------------------
# Benchmarking Birandom
# #processes = 2
#----------------------------------------------------------------
       #bytes #repetitions      t[usec]   Mbytes/sec      Msg/sec
            0       100000        45.01         0.00        44433
            1       100000        38.89         0.05        51424
            2       100000        37.45         0.11        53407
            4       100000        51.36         0.16        38941
            8       100000        37.33         0.43        53583
           16       100000        47.27         0.68        42311
           32       100000        43.26         1.48        46233
           64       100000        42.84         2.99        46684
          128       100000        39.53         6.48        50599
          256       100000        41.69        12.28        47970
          512       100000        32.59        31.42        61359
         1024       100000        33.77        60.64        59216
         2048       100000        32.55       125.83        61441
         4096       100000        46.04       177.94        43442
         8192       100000        59.81       273.95        33441
        16384        51200        52.56       623.38        38048
        32768        25600        77.74       843.00        25726
        65536        12800       103.39      1267.77        19345
       131072         6400       138.76      1889.11        14413
       262144         3200       246.81      2124.21         8103
       524288         1600       391.13      2680.90         5113
      1048576          800       648.28      3234.91         3085
      2097152          400      1114.00      3765.00         1795
      4194304          200      2191.60      3827.57          913

#----------------------------------------------------------------
# Benchmarking Corandom
# #processes = 2
#----------------------------------------------------------------
       #bytes #repetitions      t[usec]   Mbytes/sec      Msg/sec
            0       100000        50.40         0.00        39686
            1       100000        45.31         0.04        44144
            2       100000        51.15         0.08        39099
            4       100000        32.48         0.25        61577
            8       100000        32.92         0.49        60753
           16       100000        49.49         0.65        40415
           32       100000        50.14         1.28        39888
           64       100000        57.23         2.24        34945
          128       100000        42.00         6.10        47619
          256       100000        42.24        12.12        47350
          512       100000        58.73        17.43        34051
         1024       100000        29.91        68.48        66874
         2048       100000        51.79        79.09        38616
         4096       100000        60.52       135.36        33047
         8192       100000        48.89       335.11        40907
        16384        51200        52.46       624.67        38127
        32768        25600        75.89       863.57        26354
        65536        12800       103.52      1266.13        19320
       131072         6400       137.99      1899.65        14493
       262144         3200       246.48      2127.07         8114
       524288         1600       390.92      2682.30         5116
      1048576          800       650.99      3221.48         3072
      2097152          400      1114.16      3764.55         1795
      4194304          200      2193.69      3823.93          912

# !! Benchmark Stencil2D is invalid for 2 processes !!

# !! Benchmark Stencil3D is invalid for 2 processes !!


# All processes entering MPI_Finalize

