#------------------------------------------------------------
#    Intel(R) MPI Benchmarks 2019 Update 6, IMB-P2P part
#------------------------------------------------------------
# Date                  : Wed Sep 16 19:07:03 2020
# Machine               : x86_64
# System                : Linux
# Release               : 4.18.0-193.19.1.el8_2.x86_64
# Version               : #1 SMP Wed Aug 26 15:29:02 EDT 2020
# MPI Version           : 3.1
# MPI Thread Environment:
#
# Calling sequence was:
#
# IMB-P2P
#
# List of Benchmarks to run:
#
# PingPong
# PingPing
# Unirandom
# Birandom
# Corandom
# Stencil2D
# Stencil3D
#
# Minimum message length in bytes:   0
# Maximum message length in bytes:   4194304
#

#----------------------------------------------------------------
# Benchmarking PingPong
# #processes = 2
#----------------------------------------------------------------
       #bytes #repetitions      t[usec]   Mbytes/sec      Msg/sec
            0       100000         1.11         0.00       900706
            1       100000         1.11         0.90       904676
            2       100000         1.11         1.81       903838
            4       100000         1.12         3.58       895685
            8       100000         1.10         7.29       911068
           16       100000         1.11        14.44       902693
           32       100000         1.25        25.54       798089
           64       100000         1.29        49.50       773481
          128       100000         1.78        71.86       561391
          256       100000         1.84       138.93       542683
          512       100000         1.95       261.96       511641
         1024       100000         2.20       466.49       455561
         2048       100000         2.63       779.61       380670
         4096       100000         3.45      1185.54       289440
         8192       100000         4.92      1665.56       203315
        16384        51200         7.06      2321.73       141707
        32768        25600        13.21      2480.34        75694
        65536        12800        18.98      3453.36        52694
       131072         6400        34.30      3821.58        29156
       262144         3200        56.66      4626.44        17648
       524288         1600       105.17      4985.10         9508
      1048576          800       205.82      5094.40         4858
      2097152          400       415.42      5047.79         2407
      4194304          200       804.13      5214.78         1243

#----------------------------------------------------------------
# Benchmarking PingPing
# #processes = 2
#----------------------------------------------------------------
       #bytes #repetitions      t[usec]   Mbytes/sec      Msg/sec
            0       100000         1.17         0.00      1713603
            1       100000         1.17         1.71      1708114
            2       100000         1.17         3.42      1711776
            4       100000         1.17         6.83      1707868
            8       100000         1.16        13.83      1728357
           16       100000         1.17        27.38      1711364
           32       100000         1.31        48.91      1528585
           64       100000         1.35        94.61      1478245
          128       100000         1.85       138.47      1081829
          256       100000         1.92       266.62      1041472
          512       100000         2.01       509.48       995087
         1024       100000         2.28       896.39       875383
         2048       100000         2.95      1389.97       678697
         4096       100000         3.74      2190.38       534760
         8192       100000         5.27      3111.38       379807
        16384        51200         7.50      4366.32       266499
        32768        25600        15.71      4171.27       127297
        65536        12800        24.78      5288.57        80697
       131072         6400        45.04      5820.69        44408
       262144         3200        76.47      6856.29        26155
       524288         1600       132.73      7899.62        15067
      1048576          800       234.57      8938.93         8525
      2097152          400       461.84      9078.58         4329
      4194304          200       913.56      9176.26         2188

#----------------------------------------------------------------
# Benchmarking Unirandom
# #processes = 2
#----------------------------------------------------------------
       #bytes #repetitions      t[usec]   Mbytes/sec      Msg/sec
            0       100000         1.38         0.00      1451948
            1       100000         1.37         1.46      1458664
            2       100000         1.37         2.91      1455242
            4       100000         1.37         5.82      1456029
            8       100000         1.37        11.67      1459279
           16       100000         1.38        23.20      1449782
           32       100000         1.57        40.82      1275772
           64       100000         1.66        76.88      1201314
          128       100000         2.34       109.34       854234
          256       100000         2.43       210.27       821375
          512       100000         2.56       400.36       781955
         1024       100000         2.87       713.92       697189
         2048       100000         5.32       770.50       376222
         4096       100000         6.78      1207.77       294866
         8192       100000         9.52      1721.02       210085
        16384        51200        13.77      2379.17       145213
        32768        25600        25.73      2547.50        77744
        65536        12800        36.13      3627.74        55355
       131072         6400        64.48      4065.70        31019
       262144         3200       105.12      4987.50        19026
       524288         1600       192.20      5455.34        10405
      1048576          800       372.63      5627.12         5366
      2097152          400       751.93      5576.26         2659
      4194304          200      1471.13      5698.33         1359

#----------------------------------------------------------------
# Benchmarking Birandom
# #processes = 2
#----------------------------------------------------------------
       #bytes #repetitions      t[usec]   Mbytes/sec      Msg/sec
            0       100000         1.19         0.00      1684286
            1       100000         1.19         1.68      1684798
            2       100000         1.19         3.36      1681835
            4       100000         1.19         6.73      1681525
            8       100000         1.18        13.56      1695609
           16       100000         1.19        26.87      1679653
           32       100000         1.34        47.84      1495015
           64       100000         1.38        92.72      1448743
          128       100000         1.87       136.62      1067349
          256       100000         1.95       263.12      1027803
          512       100000         2.04       501.88       980227
         1024       100000         2.29       893.11       872179
         2048       100000         2.97      1380.75       674195
         4096       100000         3.78      2168.88       529512
         8192       100000         5.32      3082.56       376289
        16384        51200         7.53      4350.51       265534
        32768        25600        15.78      4152.58       126727
        65536        12800        25.02      5238.28        79930
       131072         6400        45.65      5742.15        43809
       262144         3200        78.61      6669.19        25441
       524288         1600       137.91      7603.16        14502
      1048576          800       234.85      8929.10         8515
      2097152          400       460.66      9103.53         4341
      4194304          200       910.28      9212.47         2196

#----------------------------------------------------------------
# Benchmarking Corandom
# #processes = 2
#----------------------------------------------------------------
       #bytes #repetitions      t[usec]   Mbytes/sec      Msg/sec
            0       100000         1.19         0.00      1686502
            1       100000         1.18         1.69      1688253
            2       100000         1.19         3.36      1678669
            4       100000         1.19         6.74      1683943
            8       100000         1.18        13.51      1689046
           16       100000         1.19        26.95      1684432
           32       100000         1.33        48.01      1500361
           64       100000         1.38        92.89      1451434
          128       100000         1.87       136.87      1069260
          256       100000         1.94       263.52      1029385
          512       100000         2.05       500.41       977357
         1024       100000         2.30       891.49       870598
         2048       100000         2.97      1378.29       672991
         4096       100000         3.76      2180.96       532462
         8192       100000         5.30      3093.29       377598
        16384        51200         7.51      4360.71       266157
        32768        25600        15.91      4118.74       125694
        65536        12800        25.55      5129.29        78267
       131072         6400        42.71      6138.26        46831
       262144         3200        72.32      7249.56        27655
       524288         1600       132.22      7929.90        15125
      1048576          800       233.80      8968.27         8553
      2097152          400       459.23      9130.29         4354
      4194304          200       906.86      9244.17         2204

# !! Benchmark Stencil2D is invalid for 2 processes !!

# !! Benchmark Stencil3D is invalid for 2 processes !!


# All processes entering MPI_Finalize

