#------------------------------------------------------------
#    Intel(R) MPI Benchmarks 2019 Update 6, IMB-P2P part
#------------------------------------------------------------
# Date                  : Thu Sep 17 01:15:38 2020
# Machine               : x86_64
# System                : Linux
# Release               : 4.18.0-193.19.1.el8_2.x86_64
# Version               : #1 SMP Wed Aug 26 15:29:02 EDT 2020
# MPI Version           : 3.1
# MPI Thread Environment:
#
# Calling sequence was:
#
# IMB-P2P
#
# List of Benchmarks to run:
#
# PingPong
# PingPing
# Unirandom
# Birandom
# Corandom
# Stencil2D
# Stencil3D
#
# Minimum message length in bytes:   0
# Maximum message length in bytes:   4194304
#

#----------------------------------------------------------------
# Benchmarking PingPong
# #processes = 80
#----------------------------------------------------------------
       #bytes #repetitions      t[usec]   Mbytes/sec      Msg/sec
            0       100000        26.12         0.00      1013213
            1       100000        25.46         1.02      1019590
            2       100000        24.60         2.42      1210077
            4       100000        25.33         5.01      1252401
            8       100000        24.52         9.95      1243992
           16       100000        24.61        19.77      1235413
           32       100000        24.59        38.87      1214677
           64       100000        24.66        79.50      1242123
          128       100000        24.51       156.40      1221911
          256       100000        24.50       313.14      1223220
          512       100000        27.35       580.99      1134753
         1024       100000        28.04      1152.30      1125295
         2048       100000        43.30      1380.52       674081
         4096       100000        47.85      2540.67       620281
         8192       100000        57.23      4191.98       511716
        16384        51200        95.37      5136.65       313516
        32768        25600       153.61      6206.60       189410
        65536        12800       255.74      7182.16       109591
       131072         6400       458.88      8182.61        62428
       262144         3200       844.32      9431.80        35979
       524288         1600      1766.57      6942.73        13242
      1048576          800      3374.21      7938.07         7570
      2097152          400      6678.57      8411.05         4011
      4194304          200     13539.54      8357.59         1993

#----------------------------------------------------------------
# Benchmarking PingPing
# #processes = 80
#----------------------------------------------------------------
       #bytes #repetitions      t[usec]   Mbytes/sec      Msg/sec
            0       100000        39.26         0.00      1291688
            1       100000        39.41         1.29      1291388
            2       100000        39.27         2.59      1295883
            4       100000        39.18         5.38      1345723
            8       100000        39.08        10.89      1360636
           16       100000        38.45        22.57      1410897
           32       100000        39.03        42.02      1313156
           64       100000        39.18        87.34      1364697
          128       100000        39.01       177.04      1383106
          256       100000        38.39       350.34      1368511
          512       100000        41.37       625.52      1221718
         1024       100000        42.19      1201.27      1173112
         2048       100000        67.85      1613.27       787730
         4096       100000        73.56      2934.69       716476
         8192       100000        88.92      5104.43       623099
        16384        51200       147.72      6197.56       378269
        32768        25600       241.57      7550.44       230421
        65536        12800       432.79      8095.94       123534
       131072         6400       763.67      9286.96        70854
       262144         3200      1454.75     12025.63        45874
       524288         1600      3102.44      7927.50        15120
      1048576          800      6084.65      7004.94         6680
      2097152          400     11941.23      8869.79         4229
      4194304          200     23997.78      8928.20         2129

#----------------------------------------------------------------
# Benchmarking Unirandom
# #processes = 80
#----------------------------------------------------------------
       #bytes #repetitions      t[usec]   Mbytes/sec      Msg/sec
            0       100000       145.48         0.00       549889
            1       100000       141.77         0.56       564301
            2       100000       139.52         1.15       573376
            4       100000       138.11         2.32       579227
            8       100000       143.89         4.45       555975
           16       100000       135.50         9.45       590389
           32       100000       141.33        18.11       566038
           64       100000       139.91        36.60       571805
          128       100000       138.32        74.03       578352
          256       100000       136.22       150.34       587285
          512       100000       149.86       273.32       533836
         1024       100000       151.02       542.44       529723
         2048       100000       161.61      1013.76       495001
         4096       100000       167.33      1958.27       478093
         8192       100000       179.47      3651.55       445746
        16384        51200       325.86      4022.23       245497
        32768        25600       464.59      5642.19       172186
        65536        12800       739.50      7088.90       108168
       131072         6400      1271.31      8245.65        62909
       262144         3200      2602.17      8057.19        30736
       524288         1600      4374.80      9581.92        18276
      1048576          800      8558.32      9792.84         9339
      2097152          400     15981.22     10474.25         4995
      4194304          200     30454.38     10983.53         2619

#----------------------------------------------------------------
# Benchmarking Birandom
# #processes = 80
#----------------------------------------------------------------
       #bytes #repetitions      t[usec]   Mbytes/sec      Msg/sec
            0       100000       131.43         0.00       608663
            1       100000       133.67         0.60       598477
            2       100000       132.30         1.21       604692
            4       100000       130.20         2.46       614451
            8       100000       133.45         4.80       599472
           16       100000       134.02         9.55       596937
           32       100000       132.79        19.28       602464
           64       100000       131.13        39.04       610064
          128       100000       133.32        76.81       600049
          256       100000       136.39       150.15       586538
          512       100000       146.18       280.20       547272
         1024       100000       143.96       569.04       555707
         2048       100000       159.39      1027.93       501920
         4096       100000       163.97      1998.42       487895
         8192       100000       172.29      3803.69       464318
        16384        51200       320.61      4088.05       249515
        32768        25600       456.58      5741.32       175211
        65536        12800       747.07      7017.54       107079
       131072         6400      1290.46      8124.84        61988
       262144         3200      2107.71      9947.52        37947
       524288         1600      3837.86     10922.72        20833
      1048576          800      9021.74      9290.10         8860
      2097152          400     25387.36      6601.70         3148
      4194304          200     49167.49      6801.11         1622

#----------------------------------------------------------------
# Benchmarking Corandom
# #processes = 80
#----------------------------------------------------------------
       #bytes #repetitions      t[usec]   Mbytes/sec      Msg/sec
            0       100000        98.19         0.00       814719
            1       100000        97.90         0.82       817141
            2       100000       101.41         1.58       788854
            4       100000        98.59         3.25       811400
            8       100000        98.89         6.47       808957
           16       100000        99.28        12.89       805798
           32       100000       100.55        25.46       795613
           64       100000       100.47        50.96       796211
          128       100000        99.00       103.43       808081
          256       100000        94.03       217.79       850753
          512       100000       109.09       375.47       733344
         1024       100000       108.15       757.47       739716
         2048       100000       126.10      1299.26       634403
         4096       100000       126.06      2599.42       634624
         8192       100000       135.11      4850.52       592104
        16384        51200       243.01      5393.48       329192
        32768        25600       350.07      7488.02       228516
        65536        12800       567.99      9230.12       140841
       131072         6400       953.01     11001.02        83931
       262144         3200      1388.46     15096.19        57587
       524288         1600      2923.88     14333.74        27339
      1048576          800     13224.98      6340.99         6047
      2097152          400     34713.51      4830.65         2303
      4194304          200     59790.92      5576.73         1330

#----------------------------------------------------------------
# Benchmarking Stencil2D (8 x 10)
# #processes = 80
#----------------------------------------------------------------
       #bytes #repetitions      t[usec]   Mbytes/sec      Msg/sec
            0       100000        74.76         0.00      1070052
            1       100000        72.86         1.10      1097949
            2       100000        71.37         2.24      1120960
            4       100000        76.19         4.20      1049773
            8       100000        75.02         8.53      1066361
           16       100000        77.22        16.57      1035937
           32       100000        73.84        34.67      1083356
           64       100000        76.89        66.59      1040473
          128       100000        77.10       132.82      1037650
          256       100000        67.52       303.30      1184768
          512       100000        79.32       516.39      1008573
         1024       100000        77.01      1063.66      1038730
         2048       100000        91.52      1790.08       874063
         4096       100000        95.23      3440.90       840063
         8192       100000       102.62      6384.75       779389
        16384        51200       182.88      7166.92       437434
        32768        25600       255.70     10251.28       312844
        65536        12800       380.01     13796.29       210515
       131072         6400       643.52     16279.18       124200
       262144         3200       748.29     27999.24       106809
       524288         1600      1267.94     33023.58        62987
      1048576          800      2577.61     32507.24        31001
      2097152          400      5625.65     29752.13        14187
      4194304          200      9869.84     33778.63         8053

#----------------------------------------------------------------
# Benchmarking Stencil3D (4 x 5 x 4)
# #processes = 80
#----------------------------------------------------------------
       #bytes #repetitions      t[usec]   Mbytes/sec      Msg/sec
            0       100000        58.96         0.00      1356933
            1       100000        59.86         1.34      1336500
            2       100000        58.70         2.73      1362874
            4       100000        61.39         5.21      1303183
            8       100000        59.88        10.69      1336024
           16       100000        58.63        21.83      1364451
           32       100000        59.78        42.82      1338197
           64       100000        58.42        87.64      1369312
          128       100000        58.41       175.30      1369550
          256       100000        55.77       367.20      1434357
          512       100000        63.93       640.71      1251382
         1024       100000        66.99      1222.87      1194210
         2048       100000        76.17      2150.73      1050162
         4096       100000        82.03      3994.77       975286
         8192       100000        92.45      7088.38       865280
        16384        51200       172.79      7585.55       462985
        32768        25600       246.46     10636.03       324586
        65536        12800       388.90     13478.54       205666
       131072         6400       627.16     16717.97       127548
       262144         3200       754.30     27784.92       105991
       524288         1600      1267.43     33074.57        63085
      1048576          800      2616.80     32026.08        30542
      2097152          400      4400.19     38057.28        18147
      4194304          200      8770.52     38118.35         9088


# All processes entering MPI_Finalize

