#------------------------------------------------------------
#    Intel(R) MPI Benchmarks 2019 Update 6, IMB-P2P part
#------------------------------------------------------------
# Date                  : Thu Oct 15 06:20:16 2020
# Machine               : x86_64
# System                : Linux
# Release               : 4.18.0-193.19.1.el8_2.x86_64
# Version               : #1 SMP Wed Aug 26 15:29:02 EDT 2020
# MPI Version           : 3.1
# MPI Thread Environment:
#
# Calling sequence was:
#
# IMB-P2P
#
# List of Benchmarks to run:
#
# PingPong
# PingPing
# Unirandom
# Birandom
# Corandom
# Stencil2D
# Stencil3D
#
# Minimum message length in bytes:   0
# Maximum message length in bytes:   4194304
#

#----------------------------------------------------------------
# Benchmarking PingPong
# #processes = 8
#----------------------------------------------------------------
       #bytes #repetitions      t[usec]   Mbytes/sec      Msg/sec
            0       100000        26.47         0.00       139798
            1       100000        25.48         0.14       142269
            2       100000        25.48         0.28       142298
            4       100000        25.50         0.57       142273
            8       100000        25.47         1.14       142609
           16       100000        25.46         2.28       142369
           32       100000        25.50         4.55       142121
           64       100000        25.65         9.07       141669
          128       100000        27.64        17.31       135273
          256       100000        26.93        34.45       134563
          512       100000        31.04        61.63       120367
         1024       100000        31.50       121.58       118727
         2048       100000        33.43       228.74       111690
         4096       100000        37.36       409.72       100030
         8192       100000        42.26       722.11        88148
        16384        51200        62.89       967.68        59063
        32768        25600        86.79      1417.16        43248
        65536        12800       129.26      1907.26        29103
       131072         6400       214.98      2317.39        17680
       262144         3200       327.65      2960.64        11294
       524288         1600       462.67      4434.49         8458
      1048576          800       748.75      5497.91         5243
      2097152          400      1288.68      6410.42         3057
      4194304          200      2333.11      7102.57         1693

#----------------------------------------------------------------
# Benchmarking PingPing
# #processes = 8
#----------------------------------------------------------------
       #bytes #repetitions      t[usec]   Mbytes/sec      Msg/sec
            0       100000        29.95         0.00       255255
            1       100000        29.91         0.26       256713
            2       100000        29.84         0.51       256273
            4       100000        29.80         1.03       257054
            8       100000        29.83         2.05       256273
           16       100000        29.87         4.06       253994
           32       100000        29.73         8.25       257712
           64       100000        29.91        16.31       254820
          128       100000        30.99        31.53       246338
          256       100000        30.93        62.46       243987
          512       100000        33.99       115.74       226046
         1024       100000        34.54       228.15       222803
         2048       100000        35.75       440.65       215161
         4096       100000        39.50       798.81       195021
         8192       100000        45.06      1404.15       171405
        16384        51200        65.42      1941.36       118491
        32768        25600        97.46      2633.92        80381
        65536        12800       159.33      3230.60        49295
       131072         6400       316.44      2750.76        20987
       262144         3200       348.62      6000.87        22891
       524288         1600       569.40      7340.54        14001
      1048576          800       996.98      8369.57         7982
      2097152          400      1886.71      7248.09         3456
      4194304          200      3327.62     10048.55         2396

#----------------------------------------------------------------
# Benchmarking Unirandom
# #processes = 8
#----------------------------------------------------------------
       #bytes #repetitions      t[usec]   Mbytes/sec      Msg/sec
            0       100000        55.28         0.00       144724
            1       100000        55.00         0.15       145445
            2       100000        55.01         0.29       145427
            4       100000        55.04         0.58       145337
            8       100000        55.00         1.16       145446
           16       100000        55.16         2.32       145037
           32       100000        56.49         4.53       141624
           64       100000        56.50         9.06       141590
          128       100000        58.86        17.40       135912
          256       100000        59.18        34.61       135186
          512       100000        65.68        62.37       121807
         1024       100000        66.58       123.05       120162
         2048       100000        70.00       234.07       114290
         4096       100000        76.75       426.93       104231
         8192       100000        86.09       761.20        92920
        16384        51200       132.49       989.29        60382
        32768        25600       193.97      1351.39        41241
        65536        12800       310.79      1686.85        25739
       131072         6400       567.08      1848.82        14105
       262144         3200      1380.03      1519.43         5796
       524288         1600      1966.32      2132.47         4067
      1048576          800      3126.74      2681.19         2557
      2097152          400      5329.37      3143.93         1499
      4194304          200      9565.93      3502.09          835

#----------------------------------------------------------------
# Benchmarking Birandom
# #processes = 8
#----------------------------------------------------------------
       #bytes #repetitions      t[usec]   Mbytes/sec      Msg/sec
            0       100000        52.81         0.00       151474
            1       100000        53.08         0.15       150705
            2       100000        53.12         0.30       150613
            4       100000        53.04         0.60       150817
            8       100000        53.15         1.20       150528
           16       100000        53.03         2.41       150868
           32       100000        52.99         4.83       150978
           64       100000        53.19         9.62       150389
          128       100000        54.75        18.70       146124
          256       100000        54.92        37.29       145678
          512       100000        63.30        64.71       126391
         1024       100000        64.30       127.41       124424
         2048       100000        67.93       241.19       117767
         4096       100000        74.82       437.97       106927
         8192       100000        86.16       760.65        92852
        16384        51200       134.68       973.23        59401
        32768        25600       198.20      1322.60        40363
        65536        12800       325.41      1611.11        24584
       131072         6400       588.66      1781.07        13588
       262144         3200      1123.24      1866.89         7122
       524288         1600      1664.39      2519.18         4805
      1048576          800      2717.26      3084.95         2942
      2097152          400      4677.92      3582.60         1708
      4194304          200      8262.80      4055.17          967

#----------------------------------------------------------------
# Benchmarking Corandom
# #processes = 8
#----------------------------------------------------------------
       #bytes #repetitions      t[usec]   Mbytes/sec      Msg/sec
            0       100000        33.34         0.00       239941
            1       100000        33.39         0.24       239584
            2       100000        33.32         0.48       240093
            4       100000        33.39         0.96       239555
            8       100000        33.41         1.92       239436
           16       100000        33.39         3.83       239611
           32       100000        33.37         7.67       239730
           64       100000        33.50        15.29       238834
          128       100000        34.99        29.27       228668
          256       100000        35.07        58.40       228137
          512       100000        38.15       107.37       209707
         1024       100000        38.71       211.62       206663
         2048       100000        40.30       406.53       198502
         4096       100000        44.93       729.38       178071
         8192       100000        51.48      1273.12       155410
        16384        51200        75.67      1732.15       105722
        32768        25600       104.53      2507.83        76533
        65536        12800       168.95      3103.21        47351
       131072         6400       308.79      3395.75        25907
       262144         3200       421.79      4971.90        18966
       524288         1600       694.21      6041.68        11524
      1048576          800      1176.49      7129.42         6799
      2097152          400      2091.23      8021.29         3825
      4194304          200      3958.25      8473.84         2020

#----------------------------------------------------------------
# Benchmarking Stencil2D (2 x 4)
# #processes = 8
#----------------------------------------------------------------
       #bytes #repetitions      t[usec]   Mbytes/sec      Msg/sec
            0       100000        18.90         0.00       423224
            1       100000        19.03         0.42       420463
            2       100000        19.06         0.84       419819
            4       100000        19.04         1.68       420247
            8       100000        19.08         3.35       419213
           16       100000        19.07         6.71       419419
           32       100000        19.05        13.44       419968
           64       100000        19.13        26.76       418165
          128       100000        19.99        51.22       400165
          256       100000        18.84       108.72       424697
          512       100000        21.64       189.28       369692
         1024       100000        21.99       372.53       363800
         2048       100000        22.66       723.13       353092
         4096       100000        25.05      1308.31       319412
         8192       100000        27.43      2388.78       291600
        16384        51200        50.10      2616.13       159676
        32768        25600        84.06      3118.53        95170
        65536        12800       142.66      3674.90        56075
       131072         6400       271.09      3867.80        29509
       262144         3200       322.17      6508.89        24829
       524288         1600       548.48      7646.81        14585
      1048576          800       917.68      9139.99         8717
      2097152          400      1777.22      9438.51         4501
      4194304          200      4286.65      7825.46         1866

#----------------------------------------------------------------
# Benchmarking Stencil3D (2 x 2 x 2)
# #processes = 8
#----------------------------------------------------------------
       #bytes #repetitions      t[usec]   Mbytes/sec      Msg/sec
            0       100000        14.70         0.00       544192
            1       100000        14.88         0.54       537489
            2       100000        14.88         1.08       537617
            4       100000        14.90         2.15       536889
            8       100000        14.89         4.30       537313
           16       100000        14.88         8.60       537731
           32       100000        14.93        17.15       535940
           64       100000        15.05        34.01       531445
          128       100000        15.15        67.58       527993
          256       100000        15.98       128.18       500717
          512       100000        18.16       225.51       440449
         1024       100000        18.60       440.43       430106
         2048       100000        19.69       831.98       406240
         4096       100000        22.30      1469.55       358776
         8192       100000        28.58      2293.25       279938
        16384        51200        46.73      2804.76       171189
        32768        25600        74.89      3500.59       106829
        65536        12800       136.37      3844.62        58664
       131072         6400       260.08      4031.67        30759
       262144         3200       310.86      6746.02        25734
       524288         1600       499.74      8392.69        16008
      1048576          800       905.49      9263.53         8834
      2097152          400      1978.13      8479.19         4043
      4194304          200      4649.65      7214.80         1720


# All processes entering MPI_Finalize

