#------------------------------------------------------------
#    Intel(R) MPI Benchmarks 2019 Update 6, IMB-P2P part
#------------------------------------------------------------
# Date                  : Fri Oct 16 09:21:38 2020
# Machine               : x86_64
# System                : Linux
# Release               : 4.18.0-193.19.1.el8_2.x86_64
# Version               : #1 SMP Wed Aug 26 15:29:02 EDT 2020
# MPI Version           : 3.1
# MPI Thread Environment:
#
# Calling sequence was:
#
# IMB-P2P
#
# List of Benchmarks to run:
#
# PingPong
# PingPing
# Unirandom
# Birandom
# Corandom
# Stencil2D
# Stencil3D
#
# Minimum message length in bytes:   0
# Maximum message length in bytes:   4194304
#

#----------------------------------------------------------------
# Benchmarking PingPong
# #processes = 8
#----------------------------------------------------------------
       #bytes #repetitions      t[usec]   Mbytes/sec      Msg/sec
            0       100000        23.40         0.00       162144
            1       100000        22.57         0.17       171552
            2       100000        22.52         0.34       171812
            4       100000        22.51         0.69       171549
            8       100000        22.55         1.37       171292
           16       100000        22.58         2.74       170958
           32       100000        22.60         5.48       171377
           64       100000        23.23        10.87       169793
          128       100000        28.74        17.81       139161
          256       100000        36.95        27.71       108246
          512       100000        43.13        47.47        92707
         1024       100000        57.13        71.28        69605
         2048       100000        64.92       124.75        60911
         4096       100000        65.68       249.44        60899
         8192       100000        65.68       498.85        60895
        16384        51200        92.13       709.76        43320
        32768        25600       106.88      1214.88        37075
        65536        12800       217.28      1195.72        18245
       131072         6400       270.81      1900.24        14498
       262144         3200       364.68      2825.61        10779
       524288         1600       625.94      3334.00         6359
      1048576          800      1111.30      3765.91         3591
      2097152          400      2065.33      4035.25         1924
      4194304          200      4004.21      4179.49          996

#----------------------------------------------------------------
# Benchmarking PingPing
# #processes = 8
#----------------------------------------------------------------
       #bytes #repetitions      t[usec]   Mbytes/sec      Msg/sec
            0       100000        28.00         0.00       273472
            1       100000        28.03         0.27       273646
            2       100000        28.05         0.55       273172
            4       100000        28.05         1.10       274074
            8       100000        28.06         2.19       273654
           16       100000        28.08         4.37       273359
           32       100000        28.20         8.37       261416
           64       100000        28.37        16.86       263410
          128       100000        29.20        34.73       271346
          256       100000        36.96        55.40       216409
          512       100000        43.12        94.94       185427
         1024       100000        55.30       142.71       139369
         2048       100000        62.22       260.64       127264
         4096       100000        65.57       499.09       121847
         8192       100000       114.03       510.36        62300
        16384        51200       125.62      1040.73        63521
        32768        25600       134.06      1853.31        56559
        65536        12800       206.32      2515.92        38390
       131072         6400       255.61      4068.94        31044
       262144         3200       419.95      4894.17        18670
       524288         1600       679.87      6137.15        11706
      1048576          800      1181.08      7045.37         6719
      2097152          400      2147.20      7768.71         3704
      4194304          200      4108.87      8099.14         1931

#----------------------------------------------------------------
# Benchmarking Unirandom
# #processes = 8
#----------------------------------------------------------------
       #bytes #repetitions      t[usec]   Mbytes/sec      Msg/sec
            0       100000        44.66         0.00       179123
            1       100000        44.73         0.18       178853
            2       100000        44.73         0.36       178860
            4       100000        44.67         0.72       179092
            8       100000        44.70         1.43       178952
           16       100000        44.90         2.85       178177
           32       100000        45.28         5.65       176680
           64       100000        45.88        11.16       174381
          128       100000        47.15        21.72       169670
          256       100000        49.15        41.66       162749
          512       100000        56.92        71.96       140545
         1024       100000        61.69       132.79       129680
         2048       100000        67.75       241.82       118075
         4096       100000        77.55       422.53       103157
         8192       100000       101.59       645.11        78749
        16384        51200       141.23       928.06        56645
        32768        25600       198.32      1321.74        40336
        65536        12800       334.20      1568.64        23935
       131072         6400       536.79      1953.16        14901
       262144         3200      1575.76      1330.65         5076
       524288         1600      2617.40      1602.00         3056
      1048576          800      4624.04      1813.00         1729
      2097152          400      8669.54      1932.63          922
      4194304          200     16533.13      2026.42          483

#----------------------------------------------------------------
# Benchmarking Birandom
# #processes = 8
#----------------------------------------------------------------
       #bytes #repetitions      t[usec]   Mbytes/sec      Msg/sec
            0       100000        42.33         0.00       188977
            1       100000        42.49         0.19       188284
            2       100000        42.45         0.38       188465
            4       100000        42.49         0.75       188286
            8       100000        42.56         1.50       187972
           16       100000        42.63         3.00       187669
           32       100000        43.28         5.92       184859
           64       100000        44.13        11.60       181292
          128       100000        46.36        22.09       172555
          256       100000        49.87        41.07       160414
          512       100000        57.91        70.73       138138
         1024       100000        64.27       127.45       124467
         2048       100000        71.28       229.84       112229
         4096       100000        80.33       407.91        99586
         8192       100000       101.06       648.46        79158
        16384        51200       143.40       914.00        55786
        32768        25600       202.95      1291.66        39418
        65536        12800       334.65      1566.62        23905
       131072         6400       529.70      1979.31        15101
       262144         3200      1353.81      1548.92         5909
       524288         1600      2301.94      1821.43         3474
      1048576          800      4149.37      2020.44         1927
      2097152          400      7753.22      2161.76         1031
      4194304          200     14797.81      2264.68          540

#----------------------------------------------------------------
# Benchmarking Corandom
# #processes = 8
#----------------------------------------------------------------
       #bytes #repetitions      t[usec]   Mbytes/sec      Msg/sec
            0       100000        27.48         0.00       291067
            1       100000        27.51         0.29       290777
            2       100000        27.56         0.58       290226
            4       100000        27.51         1.16       290835
            8       100000        27.47         2.33       291188
           16       100000        27.84         4.60       287312
           32       100000        28.25         9.06       283217
           64       100000        29.11        17.59       274841
          128       100000        31.10        32.93       257235
          256       100000        34.36        59.61       232833
          512       100000        41.67        98.30       191983
         1024       100000        47.49       172.49       168448
         2048       100000        54.64       299.86       146415
         4096       100000        61.26       534.93       130599
         8192       100000        73.76       888.44       108452
        16384        51200        98.74      1327.35        81015
        32768        25600       129.65      2021.87        61703
        65536        12800       200.85      2610.20        39828
       131072         6400       310.15      3380.67        25792
       262144         3200       577.07      3633.69        13861
       524288         1600       932.84      4495.83         8575
      1048576          800      1511.59      5548.96         5292
      2097152          400      2576.39      6510.20         3104
      4194304          200      4631.62      7241.65         1727

#----------------------------------------------------------------
# Benchmarking Stencil2D (2 x 4)
# #processes = 8
#----------------------------------------------------------------
       #bytes #repetitions      t[usec]   Mbytes/sec      Msg/sec
            0       100000        16.04         0.00       498863
            1       100000        16.01         0.50       499724
            2       100000        16.03         1.00       498956
            4       100000        16.12         1.99       496291
            8       100000        15.94         4.01       501750
           16       100000        16.12         7.94       496405
           32       100000        16.46        15.56       486157
           64       100000        16.70        30.66       479011
          128       100000        17.51        58.48       456882
          256       100000        19.86       103.11       402754
          512       100000        22.67       180.66       352847
         1024       100000        28.80       284.43       277761
         2048       100000        30.16       543.14       265207
         4096       100000        35.33       927.34       226402
         8192       100000        42.78      1531.79       186986
        16384        51200        51.83      2528.98       154357
        32768        25600        73.45      3569.08       108920
        65536        12800       109.25      4798.85        73225
       131072         6400       208.03      5040.35        38455
       262144         3200       427.00      4911.25        18735
       524288         1600       784.91      5343.45        10192
      1048576          800      1508.57      5559.53         5302
      2097152          400      2947.40      5690.03         2713
      4194304          200      6104.76      5494.80         1310

#----------------------------------------------------------------
# Benchmarking Stencil3D (2 x 2 x 2)
# #processes = 8
#----------------------------------------------------------------
       #bytes #repetitions      t[usec]   Mbytes/sec      Msg/sec
            0       100000        12.16         0.00       657921
            1       100000        12.25         0.65       652854
            2       100000        12.24         1.31       653508
            4       100000        12.27         2.61       652210
            8       100000        12.30         5.20       650369
           16       100000        12.38        10.34       646214
           32       100000        12.42        20.62       644327
           64       100000        12.66        40.43       631712
          128       100000        13.25        77.28       603743
          256       100000        14.84       137.99       539008
          512       100000        17.05       240.18       469110
         1024       100000        22.35       366.48       357894
         2048       100000        23.62       693.53       338636
         4096       100000        25.80      1270.02       310063
         8192       100000        30.27      2165.22       264309
        16384        51200        42.42      3089.68       188579
        32768        25600        57.88      4528.90       138211
        65536        12800       102.20      5129.67        78273
       131072         6400       184.82      5673.31        43284
       262144         3200       408.93      5128.24        19563
       524288         1600       785.17      5341.51        10188
      1048576          800      1531.67      5475.76         5222
      2097152          400      3644.17      4602.72         2195
      4194304          200      7481.28      4482.23         1069


# All processes entering MPI_Finalize

