#------------------------------------------------------------
#    Intel(R) MPI Benchmarks 2019 Update 6, IMB-P2P part
#------------------------------------------------------------
# Date                  : Thu Oct 15 00:33:38 2020
# Machine               : x86_64
# System                : Linux
# Release               : 4.18.0-193.19.1.el8_2.x86_64
# Version               : #1 SMP Wed Aug 26 15:29:02 EDT 2020
# MPI Version           : 3.1
# MPI Thread Environment:
#
# Calling sequence was:
#
# IMB-P2P
#
# List of Benchmarks to run:
#
# PingPong
# PingPing
# Unirandom
# Birandom
# Corandom
# Stencil2D
# Stencil3D
#
# Minimum message length in bytes:   0
# Maximum message length in bytes:   4194304
#

#----------------------------------------------------------------
# Benchmarking PingPong
# #processes = 224
#----------------------------------------------------------------
       #bytes #repetitions      t[usec]   Mbytes/sec      Msg/sec
            0       100000      1096.83         0.00        95358
            1       100000      1114.55         0.10        96862
            2       100000      1096.90         0.19        93891
            4       100000      1129.67         0.37        92272
            8       100000      1131.73         0.76        95516
           16       100000      1145.39         1.50        93856
           32       100000      1150.20         2.96        92606
           64       100000      1147.47         6.01        93972
          128       100000      1169.58        11.63        90837
          256       100000      1067.26        24.31        94945
          512       100000       182.22       272.12       531478
         1024       100000       127.63       832.06       812555
         2048       100000       127.10      1630.41       796098
         4096       100000       128.99      3154.99       770262
         8192       100000       154.66      5263.30       642493
        16384        51200      2273.08       756.94        46200
        32768        25600      3422.78      1035.70        31607
        65536        12800      3357.76      2073.93        31646
       131072         6400      5271.79      2581.02        19692
       262144         3200      6997.31      3977.95        15175
       524288         1600     13199.52      4091.76         7804
      1048576          800     21042.11      5189.63         4949
      2097152          400     35795.24      5998.38         2860
      4194304          200     69440.61      6201.13         1478

#----------------------------------------------------------------
# Benchmarking PingPing
# #processes = 224
#----------------------------------------------------------------
       #bytes #repetitions      t[usec]   Mbytes/sec      Msg/sec
            0       100000      1471.15         0.00       147404
            1       100000      1470.82         0.15       148600
            2       100000      1465.15         0.30       147922
            4       100000      1476.13         0.59       148039
            8       100000      1485.63         1.18       147096
           16       100000      1465.06         2.37       148160
           32       100000      1469.16         4.76       148762
           64       100000      1456.03         9.55       149218
          128       100000      1433.61        19.42       151741
          256       100000      1432.93        38.54       150555
          512       100000      1458.18        75.06       146595
         1024       100000      1438.07       149.63       146126
         2048       100000      1475.46       292.80       142969
         4096       100000      1562.42       569.34       138999
         8192       100000       187.23      7964.91       972279
        16384        51200      3163.74      1066.86        65116
        32768        25600      4047.61      1710.66        52205
        65536        12800      7772.66      1784.94        27236
       131072         6400     12841.85      2137.54        16308
       262144         3200     22203.68      2534.09         9667
       524288         1600     54874.24      2047.76         3906
      1048576          800    109525.89      2033.21         1939
      2097152          400    206420.83      1968.38          939
      4194304          200    332404.78      2594.24          619

#----------------------------------------------------------------
# Benchmarking Unirandom
# #processes = 224
#----------------------------------------------------------------
       #bytes #repetitions      t[usec]   Mbytes/sec      Msg/sec
            0       100000      1215.64         0.00       184259
            1       100000      1213.33         0.18       184603
            2       100000      1220.92         0.37       183465
            4       100000      1228.11         0.73       182390
            8       100000      1227.78         1.46       182442
           16       100000      1202.90         2.98       186211
           32       100000      1134.92         6.32       197366
           64       100000      1111.31        12.90       201561
          128       100000       979.88        29.26       228584
          256       100000       852.55        67.26       262735
          512       100000       297.28       385.78       753480
         1024       100000       306.67       747.89       730366
         2048       100000       307.77      1490.51       727790
         4096       100000       360.35      2546.04       621592
         8192       100000       396.61      4626.52       564761
        16384        51200      1318.70      2782.93       169857
        32768        25600      1012.96      7245.52       221116
        65536        12800      4404.51      3332.67        50852
       131072         6400      7458.60      3935.74        30027
       262144         3200      8737.99      6718.60        25629
       524288         1600     16307.87      7198.08        13729
      1048576          800     31575.34      7432.22         7088
      2097152          400     61862.87      7577.80         3613
      4194304          200    122500.58      7640.70         1822

#----------------------------------------------------------------
# Benchmarking Birandom
# #processes = 224
#----------------------------------------------------------------
       #bytes #repetitions      t[usec]   Mbytes/sec      Msg/sec
            0       100000       263.82         0.00       849041
            1       100000       344.01         0.65       651138
            2       100000       322.45         1.39       694679
            4       100000       311.08         2.88       720057
            8       100000       317.96         5.64       704481
           16       100000       273.75        13.09       818258
           32       100000       309.53        23.16       723658
           64       100000       275.60        52.02       812765
          128       100000       245.84       116.63       911168
          256       100000       241.25       237.69       928468
          512       100000       305.80       375.03       732477
         1024       100000       310.19       739.47       722137
         2048       100000       338.80      1354.01       661137
         4096       100000       359.00      2555.70       623951
         8192       100000       412.29      4450.73       543301
        16384        51200       633.20      5795.82       353749
        32768        25600       970.60      7562.01       230774
        65536        12800      1850.27      7933.25       121052
       131072         6400      3496.06      8396.91        64063
       262144         3200      8202.79      7156.88        27301
       524288         1600     15681.11      7485.72        14278
      1048576          800     30776.19      7625.21         7272
      2097152          400     61380.58      7638.37         3642
      4194304          200    122982.15      7611.24         1815

#----------------------------------------------------------------
# Benchmarking Corandom
# #processes = 224
#----------------------------------------------------------------
       #bytes #repetitions      t[usec]   Mbytes/sec      Msg/sec
            0       100000      1049.94         0.00       213339
            1       100000      1052.77         0.21       212764
            2       100000      1053.88         0.43       212543
            4       100000      1051.31         0.85       213066
            8       100000      1052.09         1.70       212907
           16       100000      1046.89         3.42       213965
           32       100000      1040.32         6.89       215314
           64       100000      1035.26        13.85       216366
          128       100000      1018.90        28.14       219835
          256       100000      1008.72        56.85       222060
          512       100000       556.75       205.99       402327
         1024       100000       190.33      1205.14      1176890
         2048       100000       183.05      2506.12      1223692
         4096       100000       232.71      3942.58       962545
         8192       100000       234.24      7833.64       956255
        16384        51200      1322.94      2774.06       169315
        32768        25600       763.03      9619.03       293550
        65536        12800      5217.51      2813.54        42931
       131072         6400      5743.23      5111.14        38995
       262144         3200      6022.26      9749.26        37190
       524288         1600     11457.24     10248.42        19547
      1048576          800     29542.47      7909.76         7543
      2097152          400     57205.47      8157.40         3890
      4194304          200     96814.60      9625.57         2295

#----------------------------------------------------------------
# Benchmarking Stencil2D (14 x 16)
# #processes = 224
#----------------------------------------------------------------
       #bytes #repetitions      t[usec]   Mbytes/sec      Msg/sec
            0       100000       248.43         0.00       901655
            1       100000       246.91         0.91       907154
            2       100000       242.24         1.85       924691
            4       100000       247.23         3.62       906003
            8       100000       245.73         7.29       911522
           16       100000       246.96        14.51       906918
           32       100000       240.11        29.85       932826
           64       100000       234.76        61.06       954085
          128       100000       219.44       130.66      1020775
          256       100000       164.81       347.92      1359074
          512       100000       187.92       610.30      1191988
         1024       100000       184.40      1243.77      1214617
         2048       100000       188.26      2436.76      1189826
         4096       100000       196.15      4677.45      1141957
         8192       100000       218.08      8414.22      1027127
        16384        51200       538.69      6812.59       415807
        32768        25600       576.55     12730.23       388496
        65536        12800      1653.37      8878.15       135470
       131072         6400      4492.69      6534.05        49851
       262144         3200      6157.52      9533.12        36366
       524288         1600      8272.82     14158.68        27006
      1048576          800     13756.03     17040.31        16251
      2097152          400     22664.13     20620.11         9832
      4194304          200     39642.12     23474.89         5597

#----------------------------------------------------------------
# Benchmarking Stencil3D (4 x 8 x 7)
# #processes = 224
#----------------------------------------------------------------
       #bytes #repetitions      t[usec]   Mbytes/sec      Msg/sec
            0       100000       444.23         0.00       504218
            1       100000       423.01         0.53       529531
            2       100000       421.20         1.06       531807
            4       100000       424.14         2.11       528097
            8       100000       414.01         4.33       541029
           16       100000       421.02         8.51       532027
           32       100000       374.86        19.12       597541
           64       100000       337.47        42.48       663738
          128       100000       252.91       113.37       885698
          256       100000       161.89       354.20      1383600
          512       100000       150.62       761.45      1487203
         1024       100000       154.92      1480.52      1445818
         2048       100000       153.24      2993.44      1461640
         4096       100000       159.25      5760.71      1406423
         8192       100000       175.07     10481.25      1279450
        16384        51200       377.29      9726.94       593685
        32768        25600       643.54     11404.89       348050
        65536        12800      1426.36     10291.35       157034
       131072         6400      3019.13      9708.12        74067
       262144         3200      7216.39      8128.77        31009
       524288         1600     12021.57      9764.80        18625
      1048576          800     17037.50     13757.53        13120
      2097152          400     26263.27     17853.29         8513
      4194304          200     46595.28     20104.86         4793


# All processes entering MPI_Finalize

