#------------------------------------------------------------
#    Intel(R) MPI Benchmarks 2019 Update 6, IMB-P2P part
#------------------------------------------------------------
# Date                  : Thu Oct 15 18:59:46 2020
# Machine               : x86_64
# System                : Linux
# Release               : 4.18.0-193.19.1.el8_2.x86_64
# Version               : #1 SMP Wed Aug 26 15:29:02 EDT 2020
# MPI Version           : 3.1
# MPI Thread Environment:
#
# Calling sequence was:
#
# IMB-P2P
#
# List of Benchmarks to run:
#
# PingPong
# PingPing
# Unirandom
# Birandom
# Corandom
# Stencil2D
# Stencil3D
#
# Minimum message length in bytes:   0
# Maximum message length in bytes:   4194304
#

#----------------------------------------------------------------
# Benchmarking PingPong
# #processes = 8
#----------------------------------------------------------------
       #bytes #repetitions      t[usec]   Mbytes/sec      Msg/sec
            0       100000         1.77         0.00      2091251
            1       100000         1.64         2.23      2229668
            2       100000         1.53         4.68      2337881
            4       100000         1.47         9.74      2434682
            8       100000         1.46        19.61      2451867
           16       100000         1.46        39.29      2455325
           32       100000         1.45        80.11      2503493
           64       100000         1.54       148.68      2323139
          128       100000         2.42       189.07      1477087
          256       100000         2.53       359.59      1404637
          512       100000         2.69       688.21      1344156
         1024       100000         3.11      1204.26      1176038
         2048       100000         3.77      1996.83       975015
         4096       100000         4.46      3357.84       819785
         8192       100000         5.93      4965.44       606133
        16384        51200         8.37      7278.78       444262
        32768        25600        13.16      9331.16       284764
        65536        12800        23.65     10468.81       159741
       131072         6400        47.10      9361.00        71419
       262144         3200        87.68     10726.62        40919
       524288         1600       169.02     11082.43        21138
      1048576          800       331.62     11255.94        10735
      2097152          400       655.65     11376.78         5425
      4194304          200      1275.08     11821.79         2819

#----------------------------------------------------------------
# Benchmarking PingPing
# #processes = 8
#----------------------------------------------------------------
       #bytes #repetitions      t[usec]   Mbytes/sec      Msg/sec
            0       100000         1.47         0.00      4906258
            1       100000         1.62         4.44      4435829
            2       100000         1.63         8.79      4397372
            4       100000         1.68        16.71      4176896
            8       100000         1.83        31.69      3961816
           16       100000         1.98        59.29      3705459
           32       100000         2.01       117.99      3687076
           64       100000         2.17       218.04      3406848
          128       100000         3.29       284.53      2222919
          256       100000         3.40       550.13      2148948
          512       100000         3.35      1113.67      2175140
         1024       100000         3.54      2098.82      2049628
         2048       100000         4.16      3630.98      1772939
         4096       100000         4.87      6202.82      1514361
         8192       100000         6.59      8944.74      1091887
        16384        51200         9.18     13352.79       814989
        32768        25600        14.09     17717.73       540702
        65536        12800        24.26     20565.53       313805
       131072         6400        45.94     22333.68       170392
       262144         3200       101.65     20388.84        77777
       524288         1600       194.74     21441.86        40897
      1048576          800       379.92     22013.16        20993
      2097152          400       750.04     22159.50        10566
      4194304          200      1477.82     22609.41         5391

#----------------------------------------------------------------
# Benchmarking Unirandom
# #processes = 8
#----------------------------------------------------------------
       #bytes #repetitions      t[usec]   Mbytes/sec      Msg/sec
            0       100000         2.79         0.00      2870300
            1       100000         2.76         2.90      2897566
            2       100000         2.77         5.78      2887903
            4       100000         2.78        11.51      2878276
            8       100000         2.75        23.29      2911793
           16       100000         2.76        46.38      2898675
           32       100000         2.79        91.76      2867416
           64       100000         3.05       167.76      2621186
          128       100000         4.51       227.21      1775116
          256       100000         4.78       428.03      1671975
          512       100000         5.13       798.27      1559123
         1024       100000         5.95      1377.06      1344786
         2048       100000         7.38      2219.08      1083534
         4096       100000         9.05      3619.48       883661
         8192       100000        16.63      3939.89       480943
        16384        51200        24.33      5386.15       328744
        32768        25600        39.93      6564.89       200344
        65536        12800        69.88      7502.81       114484
       131072         6400       132.92      7887.78        60179
       262144         3200       312.97      6700.02        25559
       524288         1600       601.12      6975.74        13305
      1048576          800      1143.38      7331.92         6992
      2097152          400      2246.27      7459.96         3557
      4194304          200      4435.46      7553.42         1801

#----------------------------------------------------------------
# Benchmarking Birandom
# #processes = 8
#----------------------------------------------------------------
       #bytes #repetitions      t[usec]   Mbytes/sec      Msg/sec
            0       100000         3.43         0.00      2330190
            1       100000         3.45         2.32      2320051
            2       100000         3.44         4.66      2327790
            4       100000         3.45         9.27      2316748
            8       100000         3.47        18.43      2303998
           16       100000         3.45        37.12      2319922
           32       100000         3.47        73.77      2305238
           64       100000         3.70       138.19      2159296
          128       100000         5.06       202.31      1580583
          256       100000         5.35       383.16      1496706
          512       100000         5.68       721.44      1409060
         1024       100000         6.45      1270.02      1240258
         2048       100000         7.85      2086.31      1018706
         4096       100000         9.35      3502.77       855167
         8192       100000        16.04      4085.03       498661
        16384        51200        23.95      5473.07       334050
        32768        25600        39.65      6610.91       201749
        65536        12800        71.12      7371.74       112484
       131072         6400       135.82      7719.69        58897
       262144         3200       207.18     10121.27        38610
       524288         1600       386.31     10854.05        20702
      1048576          800       741.29     11309.83        10786
      2097152          400      1450.52     11553.41         5509
      4194304          200      2878.90     11639.56         2775

#----------------------------------------------------------------
# Benchmarking Corandom
# #processes = 8
#----------------------------------------------------------------
       #bytes #repetitions      t[usec]   Mbytes/sec      Msg/sec
            0       100000         2.15         0.00      3723347
            1       100000         2.19         3.65      3653743
            2       100000         2.22         7.20      3602329
            4       100000         2.32        13.80      3449306
            8       100000         2.43        26.36      3294925
           16       100000         2.53        50.69      3168080
           32       100000         2.57        99.78      3118237
           64       100000         2.77       184.68      2885689
          128       100000         3.82       267.94      2093306
          256       100000         3.69       554.59      2166384
          512       100000         3.74      1094.14      2136990
         1024       100000         4.19      1954.95      1909129
         2048       100000         5.01      3269.90      1596630
         4096       100000         5.92      5537.60      1351953
         8192       100000         7.60      8620.49      1052306
        16384        51200        10.91     12013.00       733215
        32768        25600        16.23     16147.27       492775
        65536        12800        27.66     18951.87       289183
       131072         6400        50.09     20931.69       159696
       262144         3200       106.50     19689.81        75111
       524288         1600       200.85     20880.91        39827
      1048576          800       386.25     21715.26        20709
      2097152          400       755.88     22190.63        10581
      4194304          200      1493.58     22428.83         5347

#----------------------------------------------------------------
# Benchmarking Stencil2D (2 x 4)
# #processes = 8
#----------------------------------------------------------------
       #bytes #repetitions      t[usec]   Mbytes/sec      Msg/sec
            0       100000         1.03         0.00      7785856
            1       100000         1.03         7.75      7752440
            2       100000         1.03        15.57      7784636
            4       100000         1.03        31.11      7777051
            8       100000         1.03        61.92      7740093
           16       100000         1.03       123.89      7742908
           32       100000         1.04       246.66      7708268
           64       100000         1.08       472.26      7379047
          128       100000         1.47       694.41      5425040
          256       100000         1.57      1307.01      5105501
          512       100000         1.61      2550.01      4980491
         1024       100000         1.75      4672.95      4563430
         2048       100000         2.10      7814.78      3815811
         4096       100000         2.62     12485.46      3048209
         8192       100000         4.23     15480.96      1889766
        16384        51200         6.85     19146.59      1168615
        32768        25600        12.27     21361.26       651894
        65536        12800        22.85     22945.29       350117
       131072         6400        44.35     23641.25       180368
       262144         3200        97.88     21423.40        81724
       524288         1600       192.35     21802.85        41586
      1048576          800       383.59     21863.89        20851
      2097152          400       851.43     19694.89         9391
      4194304          200      1529.72     21915.14         5225

#----------------------------------------------------------------
# Benchmarking Stencil3D (2 x 2 x 2)
# #processes = 8
#----------------------------------------------------------------
       #bytes #repetitions      t[usec]   Mbytes/sec      Msg/sec
            0       100000         0.95         0.00      8400059
            1       100000         0.95         8.43      8430137
            2       100000         0.95        16.82      8411006
            4       100000         0.95        33.57      8393667
            8       100000         0.95        67.26      8407441
           16       100000         0.95       134.54      8408730
           32       100000         0.96       266.79      8337114
           64       100000         0.99       517.04      8078674
          128       100000         1.28       797.36      6229395
          256       100000         1.32      1546.86      6042428
          512       100000         1.37      2987.29      5834550
         1024       100000         1.48      5552.28      5422148
         2048       100000         1.78      9198.53      4491472
         4096       100000         2.31     14198.89      3466525
         8192       100000         3.75     17486.65      2134601
        16384        51200         6.51     20129.40      1228601
        32768        25600        11.86     22108.66       674703
        65536        12800        22.79     23008.86       351087
       131072         6400        44.12     23766.41       181323
       262144         3200        96.14     21812.99        83210
       524288         1600       188.37     22264.26        42466
      1048576          800       372.22     22532.59        21489
      2097152          400       752.04     22302.38        10635
      4194304          200      1666.93     20123.04         4798


# All processes entering MPI_Finalize

