#------------------------------------------------------------
#    Intel(R) MPI Benchmarks 2019 Update 6, IMB-P2P part
#------------------------------------------------------------
# Date                  : Fri Oct 16 11:33:24 2020
# Machine               : x86_64
# System                : Linux
# Release               : 4.18.0-193.19.1.el8_2.x86_64
# Version               : #1 SMP Wed Aug 26 15:29:02 EDT 2020
# MPI Version           : 3.1
# MPI Thread Environment:
#
# Calling sequence was:
#
# IMB-P2P
#
# List of Benchmarks to run:
#
# PingPong
# PingPing
# Unirandom
# Birandom
# Corandom
# Stencil2D
# Stencil3D
#
# Minimum message length in bytes:   0
# Maximum message length in bytes:   4194304
#

#----------------------------------------------------------------
# Benchmarking PingPong
# #processes = 8
#----------------------------------------------------------------
       #bytes #repetitions      t[usec]   Mbytes/sec      Msg/sec
            0       100000        17.22         0.00       205489
            1       100000        15.75         0.21       214794
            2       100000        15.73         0.43       214458
            4       100000        15.76         0.86       214876
            8       100000        15.76         1.72       214840
           16       100000        15.76         3.43       214495
           32       100000        15.84         6.84       213896
           64       100000        15.84        13.70       214094
          128       100000        16.98        25.85       201923
          256       100000        17.96        51.49       201122
          512       100000        20.85        89.24       174303
         1024       100000        21.38       174.45       170361
         2048       100000        22.89       326.78       159559
         4096       100000        26.36       565.71       138112
         8192       100000        30.52       977.06       119270
        16384        51200        45.48      1334.91        81477
        32768        25600        62.42      1937.56        59130
        65536        12800        95.32      2533.60        38660
       131072         6400       163.82      2988.01        22797
       262144         3200       229.84      4423.67        16875
       524288         1600       345.73      5682.77        10839
      1048576          800       588.68      6742.37         6430
      2097152          400      1122.66      6510.10         3104
      4194304          200      1891.95      8380.44         1998

#----------------------------------------------------------------
# Benchmarking PingPing
# #processes = 8
#----------------------------------------------------------------
       #bytes #repetitions      t[usec]   Mbytes/sec      Msg/sec
            0       100000        18.08         0.00       395792
            1       100000        18.03         0.40       397839
            2       100000        18.07         0.80       399568
            4       100000        18.09         1.60       399639
            8       100000        18.10         3.18       397708
           16       100000        18.09         6.37       398206
           32       100000        18.13        12.66       395504
           64       100000        18.09        25.37       396451
          128       100000        18.95        48.74       380771
          256       100000        19.07        97.13       379419
          512       100000        22.25       166.50       325204
         1024       100000        23.70       324.96       317347
         2048       100000        24.99       625.03       305190
         4096       100000        28.19      1108.22       270563
         8192       100000        33.22      1901.38       232102
        16384        51200        50.47      2478.04       151248
        32768        25600        77.20      3197.62        97584
        65536        12800       135.88      3567.32        54433
       131072         6400       265.04      3609.49        27538
       262144         3200       275.48      7139.52        27235
       524288         1600       468.07      8360.91        15947
      1048576          800       852.90      9187.11         8762
      2097152          400      1678.13      7821.24         3729
      4194304          200      2856.75     10729.46         2558

#----------------------------------------------------------------
# Benchmarking Unirandom
# #processes = 8
#----------------------------------------------------------------
       #bytes #repetitions      t[usec]   Mbytes/sec      Msg/sec
            0       100000        35.79         0.00       223498
            1       100000        38.83         0.21       206023
            2       100000        37.39         0.43       213975
            4       100000        37.40         0.86       213925
            8       100000        37.33         1.71       214289
           16       100000        37.37         3.43       214093
           32       100000        37.52         6.82       213218
           64       100000        37.49        13.66       213365
          128       100000        39.39        26.00       203092
          256       100000        39.60        51.72       202037
          512       100000        45.26        90.50       176765
         1024       100000        46.24       177.15       172995
         2048       100000        48.91       334.95       163549
         4096       100000        54.90       596.84       145714
         8192       100000        62.73      1044.79       127537
        16384        51200        99.52      1317.02        80385
        32768        25600       146.43      1790.08        54629
        65536        12800       238.08      2201.98        33600
       131072         6400       434.37      2413.75        18415
       262144         3200       981.76      2135.76         8147
       524288         1600      1459.14      2873.45         5481
      1048576          800      2365.66      3544.09         3380
      2097152          400      4183.29      4005.50         1910
      4194304          200      7498.56      4466.71         1065

#----------------------------------------------------------------
# Benchmarking Birandom
# #processes = 8
#----------------------------------------------------------------
       #bytes #repetitions      t[usec]   Mbytes/sec      Msg/sec
            0       100000        34.84         0.00       229605
            1       100000        35.06         0.23       228177
            2       100000        35.12         0.46       227782
            4       100000        35.12         0.91       227777
            8       100000        35.07         1.83       228143
           16       100000        34.99         3.66       228617
           32       100000        35.16         7.28       227536
           64       100000        35.12        14.58       227781
          128       100000        36.33        28.19       220201
          256       100000        36.59        55.97       218646
          512       100000        43.43        94.32       184213
         1024       100000        44.34       184.74       180406
         2048       100000        47.31       346.32       169100
         4096       100000        53.03       617.86       150844
         8192       100000        63.03      1039.68       126914
        16384        51200       101.84      1287.09        78557
        32768        25600       155.26      1688.35        51524
        65536        12800       258.00      2032.05        31007
       131072         6400       478.54      2190.94        16716
       262144         3200       815.97      2569.85         9803
       524288         1600      1251.58      3350.39         6390
      1048576          800      2084.49      4022.33         3836
      2097152          400      3767.77      4447.18         2121
      4194304          200      6730.93      4977.07         1187

#----------------------------------------------------------------
# Benchmarking Corandom
# #processes = 8
#----------------------------------------------------------------
       #bytes #repetitions      t[usec]   Mbytes/sec      Msg/sec
            0       100000        21.70         0.00       368612
            1       100000        21.80         0.37       367032
            2       100000        21.79         0.73       367203
            4       100000        21.80         1.47       367016
            8       100000        21.71         2.95       368524
           16       100000        21.68         5.90       368973
           32       100000        21.87        11.70       365732
           64       100000        21.92        23.36       364985
          128       100000        22.98        44.56       348098
          256       100000        23.09        88.68       346405
          512       100000        26.32       155.64       303989
         1024       100000        26.83       305.35       298192
         2048       100000        28.46       575.62       281064
         4096       100000        32.39      1011.78       247016
         8192       100000        37.23      1760.52       214908
        16384        51200        57.28      2288.10       139654
        32768        25600        86.65      3025.34        92326
        65536        12800       153.78      3409.27        52021
       131072         6400       290.00      3615.29        27582
       262144         3200       362.85      5779.33        22046
       524288         1600       583.16      7191.71        13717
      1048576          800      1018.09      8237.63         7856
      2097152          400      1819.11      9219.54         4396
      4194304          200      3454.86      9702.51         2313

#----------------------------------------------------------------
# Benchmarking Stencil2D (2 x 4)
# #processes = 8
#----------------------------------------------------------------
       #bytes #repetitions      t[usec]   Mbytes/sec      Msg/sec
            0       100000        14.20         0.00       563333
            1       100000        14.22         0.56       562699
            2       100000        14.30         1.12       559387
            4       100000        14.19         2.26       563963
            8       100000        14.20         4.51       563304
           16       100000        14.17         9.03       564505
           32       100000        14.27        17.94       560660
           64       100000        14.31        35.78       559123
          128       100000        14.77        69.33       541644
          256       100000        14.90       137.49       537059
          512       100000        16.52       247.93       484245
         1024       100000        16.73       489.76       478282
         2048       100000        17.79       920.91       449663
         4096       100000        19.88      1648.19       402391
         8192       100000        25.61      2559.25       312408
        16384        51200        45.80      2861.70       174664
        32768        25600        73.92      3546.42       108228
        65536        12800       135.54      3868.01        59021
       131072         6400       268.86      3899.72        29753
       262144         3200       296.28      7077.91        27000
       524288         1600       492.93      8507.97        16228
      1048576          800       838.10     10007.45         9544
      2097152          400      1817.65      9227.96         4400
      4194304          200      4043.79      8288.28         1976

#----------------------------------------------------------------
# Benchmarking Stencil3D (2 x 2 x 2)
# #processes = 8
#----------------------------------------------------------------
       #bytes #repetitions      t[usec]   Mbytes/sec      Msg/sec
            0       100000        12.60         0.00       634736
            1       100000        12.68         0.63       630995
            2       100000        12.68         1.26       631009
            4       100000        12.68         2.52       631053
            8       100000        12.68         5.05       631141
           16       100000        12.69        10.09       630470
           32       100000        12.81        19.99       624741
           64       100000        12.86        39.80       621931
          128       100000        13.02        78.68       614661
          256       100000        13.44       152.35       595131
          512       100000        15.09       271.45       530180
         1024       100000        15.42       531.24       518790
         2048       100000        16.69       981.38       479188
         4096       100000        20.53      1595.78       389594
         8192       100000        24.82      2640.78       322360
        16384        51200        40.94      3201.36       195396
        32768        25600        72.80      3600.87       109890
        65536        12800       132.49      3956.89        60377
       131072         6400       265.89      3943.42        30086
       262144         3200       305.93      6854.60        26148
       524288         1600       456.57      9185.66        17520
      1048576          800       827.60     10134.73         9665
      2097152          400      1811.28      9259.55         4415
      4194304          200      4376.47      7664.02         1827


# All processes entering MPI_Finalize

