#------------------------------------------------------------
#    Intel(R) MPI Benchmarks 2019 Update 6, IMB-P2P part
#------------------------------------------------------------
# Date                  : Fri Oct 16 09:41:59 2020
# Machine               : x86_64
# System                : Linux
# Release               : 4.18.0-193.19.1.el8_2.x86_64
# Version               : #1 SMP Wed Aug 26 15:29:02 EDT 2020
# MPI Version           : 3.1
# MPI Thread Environment:
#
# Calling sequence was:
#
# IMB-P2P
#
# List of Benchmarks to run:
#
# PingPong
# PingPing
# Unirandom
# Birandom
# Corandom
# Stencil2D
# Stencil3D
#
# Minimum message length in bytes:   0
# Maximum message length in bytes:   4194304
#

#----------------------------------------------------------------
# Benchmarking PingPong
# #processes = 224
#----------------------------------------------------------------
       #bytes #repetitions      t[usec]   Mbytes/sec      Msg/sec
            0       100000        29.06         0.00      1086585
            1       100000        22.77         2.63      2626097
            2       100000        22.58         5.24      2619493
            4       100000        22.53        10.48      2620417
            8       100000        22.52        21.01      2626597
           16       100000        22.55        42.00      2625307
           32       100000        22.60        83.68      2614957
           64       100000        23.13       168.09      2626340
          128       100000        28.82       334.68      2614726
          256       100000        36.95       668.48      2611256
          512       100000        43.37       738.61      1442592
         1024       100000        56.71      1461.59      1427338
         2048       100000        65.57      2912.04      1421894
         4096       100000        65.72      5653.44      1380235
         8192       100000        93.67      7803.40       952564
        16384        51200       188.22      8685.21       530103
        32768        25600       375.59      9328.48       284683
        65536        12800       748.66      9631.33       146962
       131072         6400      1492.29      9733.49        74261
       262144         3200      2985.48      9794.65        37364
       524288         1600      5964.60      9827.26        18744
      1048576          800     11939.46      9822.00         9367
      2097152          400     23970.18      9780.19         4664
      4194304          200     48287.15      9695.99         2312

#----------------------------------------------------------------
# Benchmarking PingPing
# #processes = 224
#----------------------------------------------------------------
       #bytes #repetitions      t[usec]   Mbytes/sec      Msg/sec
            0       100000        31.33         0.00      4869428
            1       100000        31.41         4.86      4858429
            2       100000        31.68         9.80      4899837
            4       100000        31.47        19.69      4922987
            8       100000        31.40        38.80      4850261
           16       100000        31.56        77.76      4860177
           32       100000        32.08       156.50      4890494
           64       100000        31.88       309.32      4833059
          128       100000        35.67       589.13      4602579
          256       100000        41.11       920.11      3594187
          512       100000        48.66      1315.55      2569426
         1024       100000        57.59      2518.36      2459334
         2048       100000        66.23      4746.33      2317542
         4096       100000        95.39      7919.18      1933394
         8192       100000       184.92      9013.62      1100295
        16384        51200       372.83      9590.96       585386
        32768        25600       697.06      9268.88       282864
        65536        12800      1314.73      9627.34       146902
       131072         6400      2781.95      9749.93        74386
       262144         3200      5681.71      9779.60        37306
       524288         1600     11072.29      9824.01        18738
      1048576          800     21373.86      9825.05         9370
      2097152          400     42427.10      9841.13         4693
      4194304          200     82869.64      9854.55         2350

#----------------------------------------------------------------
# Benchmarking Unirandom
# #processes = 224
#----------------------------------------------------------------
       #bytes #repetitions      t[usec]   Mbytes/sec      Msg/sec
            0       100000       410.88         0.00       545162
            1       100000       157.00         1.43      1426736
            2       100000       157.97         2.84      1417911
            4       100000       157.71         5.68      1420244
            8       100000       160.27        11.18      1397617
           16       100000       160.16        22.38      1398589
           32       100000       159.33        44.99      1405846
           64       100000       175.64        81.62      1275285
          128       100000       158.29       181.13      1415054
          256       100000       157.64       363.76      1420938
          512       100000       251.68       455.67       889976
         1024       100000       259.54       883.76       863049
         2048       100000       267.10      1717.46       838601
         4096       100000       290.26      3160.86       771694
         8192       100000       348.13      5270.94       643425
        16384        51200       535.81      6849.00       418030
        32768        25600       923.42      7948.12       242558
        65536        12800      1693.70      8666.14       132235
       131072         6400      3437.32      8538.51        65144
       262144         3200      8416.02      6975.72        26610
       524288         1600     15950.24      7359.29        14037
      1048576          800     31285.40      7501.21         7154
      2097152          400     61475.91      7625.90         3636
      4194304          200    122073.04      7667.11         1828

#----------------------------------------------------------------
# Benchmarking Birandom
# #processes = 224
#----------------------------------------------------------------
       #bytes #repetitions      t[usec]   Mbytes/sec      Msg/sec
            0       100000       157.54         0.00      1421838
            1       100000       161.26         1.39      1389047
            2       100000       170.60         2.63      1312989
            4       100000       167.05         5.36      1340925
            8       100000       160.60        11.16      1394757
           16       100000       159.36        22.49      1405591
           32       100000       160.26        44.73      1397722
           64       100000       170.80        83.93      1311435
          128       100000       160.84       178.26      1392670
          256       100000       163.89       349.88      1366730
          512       100000       254.84       450.04       878983
         1024       100000       268.12       855.47       835422
         2048       100000       266.75      1719.75       839721
         4096       100000       285.91      3209.06       783463
         8192       100000       340.32      5391.95       658197
        16384        51200       522.85      7019.05       428409
        32768        25600       887.03      8274.48       252517
        65536        12800      1668.90      8795.43       134208
       131072         6400      3372.45      8704.75        66412
       262144         3200      7959.27      7375.90        28137
       524288         1600     15428.82      7608.37        14512
      1048576          800     30682.20      7648.19         7294
      2097152          400     60625.35      7734.13         3688
      4194304          200    121583.07      7698.29         1835

#----------------------------------------------------------------
# Benchmarking Corandom
# #processes = 224
#----------------------------------------------------------------
       #bytes #repetitions      t[usec]   Mbytes/sec      Msg/sec
            0       100000        78.17         0.00      2865601
            1       100000        78.74         2.84      2844893
            2       100000        88.24         5.08      2538398
            4       100000        78.89        11.36      2839461
            8       100000        78.64        22.79      2848388
           16       100000        79.94        44.83      2801876
           32       100000        78.80        90.96      2842609
           64       100000        80.09       178.99      2796665
          128       100000        79.43       360.94      2819862
          256       100000        82.33       696.48      2720643
          512       100000       122.11       939.18      1834343
         1024       100000       125.29      1830.67      1787768
         2048       100000       129.38      3545.80      1731347
         4096       100000       141.55      6481.79      1582467
         8192       100000       182.16     10073.73      1229703
        16384        51200       351.11     10452.45       637967
        32768        25600       688.47     10660.78       325341
        65536        12800      1339.94     10951.24       167103
       131072         6400      2737.11     10724.86        81824
       262144         3200      5569.07     10543.11        40219
       524288         1600     11011.19     10663.16        20338
      1048576          800     29191.07      8039.44         7667
      2097152          400     57549.87      8088.96         3857
      4194304          200     96588.64      9674.78         2307

#----------------------------------------------------------------
# Benchmarking Stencil2D (14 x 16)
# #processes = 224
#----------------------------------------------------------------
       #bytes #repetitions      t[usec]   Mbytes/sec      Msg/sec
            0       100000        32.75         0.00      6839877
            1       100000        36.02         6.22      6217840
            2       100000        32.14        13.94      6970098
            4       100000        32.19        27.84      6959589
            8       100000        32.24        55.58      6947211
           16       100000        32.31       110.93      6933383
           32       100000        32.46       220.83      6900810
           64       100000        32.52       440.81      6887674
          128       100000        32.53       881.38      6885771
          256       100000        32.83      1746.77      6823337
          512       100000        44.37      2584.94      5048720
         1024       100000        46.80      4900.97      4786103
         2048       100000        53.86      8517.59      4158978
         4096       100000        52.97     17320.58      4228657
         8192       100000        64.46     28468.18      3475119
        16384        51200       122.89     29862.24      1822646
        32768        25600       241.94     30336.50       925796
        65536        12800       493.99     29712.82       453382
       131072         6400      1008.29     29110.34       222094
       262144         3200      1972.91     29747.82       113479
       524288         1600      5022.70     23322.63        44484
      1048576          800      9616.22     24380.71        23251
      2097152          400     17702.44     26395.52        12586
      4194304          200     34232.09     27206.88         6487

#----------------------------------------------------------------
# Benchmarking Stencil3D (4 x 8 x 7)
# #processes = 224
#----------------------------------------------------------------
       #bytes #repetitions      t[usec]   Mbytes/sec      Msg/sec
            0       100000        28.22         0.00      7938809
            1       100000        30.11         7.44      7440388
            2       100000        25.86        17.32      8662007
            4       100000        25.65        34.93      8731522
            8       100000        26.24        68.29      8536764
           16       100000        25.84       138.72      8669965
           32       100000        25.68       279.15      8723290
           64       100000        25.94       552.64      8634975
          128       100000        26.05      1100.69      8599103
          256       100000        26.52      2162.31      8446538
          512       100000        35.79      3204.77      6259313
         1024       100000        39.87      5752.74      5617915
         2048       100000        39.89     11500.92      5615684
         4096       100000        45.02     20377.46      4974965
         8192       100000        80.46     22806.36      2783979
        16384        51200       172.74     21245.65      1296732
        32768        25600       319.99     22937.81       700006
        65536        12800       662.14     22169.17       338275
       131072         6400      1348.72     21766.25       166063
       262144         3200      6571.43      8927.08        34054
       524288         1600     11647.52     10070.91        19209
      1048576          800     16038.85     14614.28        13937
      2097152          400     24430.90     19194.27         9153
      4194304          200     47113.66     19865.54         4736


# All processes entering MPI_Finalize

