#------------------------------------------------------------
#    Intel(R) MPI Benchmarks 2019 Update 6, IMB-P2P part
#------------------------------------------------------------
# Date                  : Thu Oct 15 06:41:17 2020
# Machine               : x86_64
# System                : Linux
# Release               : 4.18.0-193.19.1.el8_2.x86_64
# Version               : #1 SMP Wed Aug 26 15:29:02 EDT 2020
# MPI Version           : 3.1
# MPI Thread Environment:
#
# Calling sequence was:
#
# IMB-P2P
#
# List of Benchmarks to run:
#
# PingPong
# PingPing
# Unirandom
# Birandom
# Corandom
# Stencil2D
# Stencil3D
#
# Minimum message length in bytes:   0
# Maximum message length in bytes:   4194304
#

#----------------------------------------------------------------
# Benchmarking PingPong
# #processes = 224
#----------------------------------------------------------------
       #bytes #repetitions      t[usec]   Mbytes/sec      Msg/sec
            0       100000      1716.14         0.00        63389
            1       100000      1712.30         0.06        63488
            2       100000      1710.81         0.13        63515
            4       100000      1713.36         0.25        63452
            8       100000      1718.47         0.51        63375
           16       100000      1714.79         1.02        63451
           32       100000      1715.34         2.03        63555
           64       100000      1714.77         4.05        63282
          128       100000      1607.79         8.71        68084
          256       100000      1615.32        17.37        67841
          512       100000      1676.75        33.41        65259
         1024       100000      1685.32        66.77        65209
         2048       100000      1721.87       130.22        63583
         4096       100000      1805.51       244.73        59749
         8192       100000      1904.68       470.58        57444
        16384        51200      3443.13       498.43        30422
        32768        25600      5176.61       695.25        21217
        65536        12800      5472.65      1276.97        19485
       131072         6400      5913.81      2435.93        18585
       262144         3200     11636.68      2394.64         9135
       524288         1600     12870.11      4055.95         7736
      1048576          800     22768.58      4507.81         4299
      2097152          400     45870.41      4443.30         2119
      4194304          200    102230.32      4008.94          956

#----------------------------------------------------------------
# Benchmarking PingPing
# #processes = 224
#----------------------------------------------------------------
       #bytes #repetitions      t[usec]   Mbytes/sec      Msg/sec
            0       100000      2446.77         0.00        87526
            1       100000      2443.81         0.09        87638
            2       100000      2444.06         0.17        87232
            4       100000      2451.09         0.35        87520
            8       100000      2447.81         0.70        87708
           16       100000      2451.57         1.39        87060
           32       100000      2455.31         2.79        87252
           64       100000      2455.97         5.57        87086
          128       100000      2315.58        11.88        92780
          256       100000      2305.33        24.05        93951
          512       100000      2380.97        46.39        90597
         1024       100000      2409.34        91.92        89762
         2048       100000      2452.69       179.20        87500
         4096       100000      2460.22       358.15        87438
         8192       100000      2649.94       662.46        80866
        16384        51200      4602.19       746.55        45566
        32768        25600      4954.74      1332.43        40662
        65536        12800      7756.39      1748.60        26682
       131072         6400     15129.72      1704.05        13001
       262144         3200     15719.98      3510.85        13393
       524288         1600     22117.77      4500.20         8583
      1048576          800     38170.90      5082.74         4847
      2097152          400     82571.90      4752.91         2266
      4194304          200    171356.65      4622.99         1102

#----------------------------------------------------------------
# Benchmarking Unirandom
# #processes = 224
#----------------------------------------------------------------
       #bytes #repetitions      t[usec]   Mbytes/sec      Msg/sec
            0       100000      1758.25         0.00       127391
            1       100000      1761.30         0.13       127171
            2       100000      1757.49         0.25       127451
            4       100000      1754.30         0.51       127683
            8       100000      1749.65         1.02       128020
           16       100000      1755.33         2.04       127605
           32       100000      1753.47         4.09       127742
           64       100000      1761.54         8.14       127150
          128       100000      1743.50        16.44       128475
          256       100000      1754.11        32.69       127696
          512       100000      1335.32        85.89       167746
         1024       100000      1325.83       173.00       168947
         2048       100000      1322.50       346.86       169368
         4096       100000      1292.69       709.73       173274
         8192       100000      1266.75      1448.53       176822
        16384        51200      2066.58      1775.85       108389
        32768        25600      2784.55      2635.87        80440
        65536        12800      4150.56      3535.83        53952
       131072         6400     29860.93       982.48         7496
       262144         3200      5771.42     10169.42        38793
       524288         1600     12056.25      9733.88        18566
      1048576          800     20166.26     11636.15        11097
      2097152          400     36750.84     12752.86         6081
      4194304          200     70530.49     13240.15         3157

#----------------------------------------------------------------
# Benchmarking Birandom
# #processes = 224
#----------------------------------------------------------------
       #bytes #repetitions      t[usec]   Mbytes/sec      Msg/sec
            0       100000      1193.21         0.00       187723
            1       100000      1176.74         0.19       190352
            2       100000      1147.63         0.39       195180
            4       100000      1162.81         0.77       192629
            8       100000      1146.83         1.56       195311
           16       100000      1176.32         3.05       190421
           32       100000      1191.51         6.02       187995
           64       100000      1140.69        12.57       196366
          128       100000      1148.92        24.95       194960
          256       100000      1138.96        50.35       196663
          512       100000       917.46       125.01       244150
         1024       100000       877.68       261.34       255211
         2048       100000       820.66       559.00       272949
         4096       100000       746.58      1228.89       300021
         8192       100000       678.18      2705.69       330285
        16384        51200      1313.82      2793.26       170487
        32768        25600      2079.40      3529.74       107719
        65536        12800      3044.73      4820.98        73562
       131072         6400      7778.54      3773.95        28793
       262144         3200      4607.94     12737.84        48591
       524288         1600      8611.10     13629.41        25996
      1048576          800     16085.17     14586.78        13911
      2097152          400     31135.79     15055.58         7179
      4194304          200     59099.64     15829.87         3774

#----------------------------------------------------------------
# Benchmarking Corandom
# #processes = 224
#----------------------------------------------------------------
       #bytes #repetitions      t[usec]   Mbytes/sec      Msg/sec
            0       100000      1251.99         0.00       178911
            1       100000      1260.94         0.18       177643
            2       100000      1262.24         0.35       177459
            4       100000      1258.99         0.71       177916
            8       100000      1267.20         1.41       176755
           16       100000      1261.54         2.84       177548
           32       100000      1254.18         5.71       178590
           64       100000      1261.71        11.36       177530
          128       100000      1255.98        22.83       178341
          256       100000      1253.23        45.75       178722
          512       100000      1157.84        99.05       193452
         1024       100000      1158.16       198.04       193400
         2048       100000      1149.50       399.06       194855
         4096       100000      1115.81       822.26       200747
         8192       100000      1083.27      1693.86       206770
        16384        51200      1493.76      2456.82       149953
        32768        25600      2271.69      3230.41        98584
        65536        12800      7790.22      1884.22        28751
       131072         6400     40682.50       720.67         5498
       262144         3200      7018.02      8362.82        31902
       524288         1600      8626.34     13603.93        25947
      1048576          800     14288.79     16422.17        15661
      2097152          400     24924.72     18828.09         8978
      4194304          200     49835.96     18786.76         4479

#----------------------------------------------------------------
# Benchmarking Stencil2D (14 x 16)
# #processes = 224
#----------------------------------------------------------------
       #bytes #repetitions      t[usec]   Mbytes/sec      Msg/sec
            0       100000      1070.58         0.00       209226
            1       100000      1070.06         0.21       209323
            2       100000      1068.03         0.42       209720
            4       100000      1066.75         0.84       209970
            8       100000      1069.54         1.68       209422
           16       100000      1070.41         3.35       209255
           32       100000      1065.20         6.73       210283
           64       100000      1066.75        13.44       209979
          128       100000      1059.45        27.06       211421
          256       100000       943.49        60.77       237400
          512       100000      1072.79       106.90       208792
         1024       100000      1013.10       226.40       221090
         2048       100000       903.78       507.57       247838
         4096       100000      1057.53       867.55       211805
         8192       100000      1047.58      1751.60       213818
        16384        51200      1318.72      2782.76       169846
        32768        25600      1536.78      4775.61       145740
        65536        12800      6786.81      2162.85        33003
       131072         6400     11423.29      2569.16        19601
       262144         3200      4922.60     11918.43        45465
       524288         1600      9318.98     12595.65        24024
      1048576          800     21606.46     10857.19        10354
      2097152          400     37125.03     12602.92         6010
      4194304          200     65033.31     14347.94         3421

#----------------------------------------------------------------
# Benchmarking Stencil3D (4 x 8 x 7)
# #processes = 224
#----------------------------------------------------------------
       #bytes #repetitions      t[usec]   Mbytes/sec      Msg/sec
            0       100000       826.86         0.00       270893
            1       100000       826.21         0.27       271111
            2       100000       825.80         0.54       271248
            4       100000       827.47         1.08       270696
            8       100000       826.15         2.17       271133
           16       100000       826.49         4.34       271020
           32       100000       827.09         8.67       270823
           64       100000       827.25        17.33       270772
          128       100000       822.36        34.86       272382
          256       100000       791.70        72.43       282930
          512       100000       812.07       141.23       275833
         1024       100000       809.59       283.32       276676
         2048       100000       805.72       569.35       278002
         4096       100000       865.18      1060.44       258896
         8192       100000       859.21      2135.66       260701
        16384        51200      1740.69      2108.29       128680
        32768        25600      4606.44      1592.94        48613
        65536        12800      8745.40      1678.00        25604
       131072         6400     13570.26      2162.47        16498
       262144         3200      7209.67      8142.43        31061
       524288         1600     18543.29      6324.84        12064
      1048576          800     28812.46      8143.16         7766
      2097152          400     46047.39     10190.19         4859
      4194304          200     74747.96     12525.87         2986


# All processes entering MPI_Finalize

