#------------------------------------------------------------
#    Intel(R) MPI Benchmarks 2019 Update 6, IMB-P2P part
#------------------------------------------------------------
# Date                  : Fri Oct 16 18:04:46 2020
# Machine               : x86_64
# System                : Linux
# Release               : 4.18.0-193.19.1.el8_2.x86_64
# Version               : #1 SMP Wed Aug 26 15:29:02 EDT 2020
# MPI Version           : 3.1
# MPI Thread Environment:
#
# Calling sequence was:
#
# IMB-P2P
#
# List of Benchmarks to run:
#
# PingPong
# PingPing
# Unirandom
# Birandom
# Corandom
# Stencil2D
# Stencil3D
#
# Minimum message length in bytes:   0
# Maximum message length in bytes:   4194304
#

#----------------------------------------------------------------
# Benchmarking PingPong
# #processes = 224
#----------------------------------------------------------------
       #bytes #repetitions      t[usec]   Mbytes/sec      Msg/sec
            0       100000         6.65         0.00     16664392
            1       100000         6.61        16.79     16791238
            2       100000         6.60        33.60     16800986
            4       100000         6.61        67.23     16806959
            8       100000         6.63       133.86     16732460
           16       100000         6.63       267.58     16723746
           32       100000         6.64       534.03     16688584
           64       100000         6.84      1037.56     16211817
          128       100000         7.21      1962.44     15331543
          256       100000         7.56      3727.10     14558997
          512       100000         7.65      7357.02     14369187
         1024       100000         7.97     14003.73     13675515
         2048       100000         9.65     22936.60     11199514
         4096       100000        13.76     31927.50      7794801
         8192       100000        22.20     39852.94      4864861
        16384        51200        43.79     41645.43      2541835
        32768        25600        85.10     42933.21      1310218
        65536        12800       233.07     30955.69       472346
       131072         6400       320.38     44143.23       336786
       262144         3200       619.35     46100.12       175858
       524288         1600      1214.30     47543.54        90682
      1048576          800      2412.67     48057.45        45831
      2097152          400      4933.98     46877.89        22353
      4194304          200     11853.54     37236.87         8878

#----------------------------------------------------------------
# Benchmarking PingPing
# #processes = 224
#----------------------------------------------------------------
       #bytes #repetitions      t[usec]   Mbytes/sec      Msg/sec
            0       100000         8.31         0.00     24465440
            1       100000         8.31        24.43     24432460
            2       100000         8.29        48.98     24489526
            4       100000         8.32        98.33     24581374
            8       100000         8.48       195.11     24388370
           16       100000         8.36       390.21     24388162
           32       100000         8.37       779.03     24344749
           64       100000         8.63      1538.32     24036198
          128       100000         9.60      2854.21     22298482
          256       100000         9.95      5424.85     21190808
          512       100000        10.43     10348.06     20211062
         1024       100000        11.76     18477.68     18044613
         2048       100000        15.81     27295.47     13327868
         4096       100000        24.46     35263.82      8609331
         8192       100000        43.93     41467.12      5061904
        16384        51200        85.04     42988.15      2623789
        32768        25600       170.77     42855.75      1307854
        65536        12800       344.69     42492.96       648391
       131072         6400       631.93     45345.59       345959
       262144         3200      1241.05     46360.94       176853
       524288         1600      2438.09     47463.83        90530
      1048576          800      4815.09     48177.43        45946
      2097152          400      9704.34     48146.56        22958
      4194304          200     20049.75     46444.37        11073

#----------------------------------------------------------------
# Benchmarking Unirandom
# #processes = 224
#----------------------------------------------------------------
       #bytes #repetitions      t[usec]   Mbytes/sec      Msg/sec
            0       100000        19.19         0.00     11670676
            1       100000        19.16        11.69     11692583
            2       100000        19.17        23.37     11684493
            4       100000        19.12        46.87     11716276
            8       100000        19.21        93.28     11660167
           16       100000        19.22       186.43     11651948
           32       100000        19.29       371.66     11614282
           64       100000        19.65       729.66     11400994
          128       100000        25.02      1146.03      8953375
          256       100000        24.86      2306.51      9009816
          512       100000        26.00      4411.67      8616536
         1024       100000        27.79      8254.30      8060836
         2048       100000        33.28     13785.20      6731054
         4096       100000        43.60     21044.39      5137791
         8192       100000        68.47     26800.76      3271577
        16384        51200       113.89     32223.41      1966761
        32768        25600       225.96     32481.61       991260
        65536        12800       497.92     29479.92       449828
       131072         6400       990.82     29628.79       226050
       262144         3200      1909.93     30738.03       117256
       524288         1600      3759.27     31227.31        59561
      1048576          800      7432.93     31571.01        30108
      2097152          400     14840.42     31586.19        15061
      4194304          200     29783.09     31435.91         7495

#----------------------------------------------------------------
# Benchmarking Birandom
# #processes = 224
#----------------------------------------------------------------
       #bytes #repetitions      t[usec]   Mbytes/sec      Msg/sec
            0       100000        20.76         0.00     10789166
            1       100000        20.76        10.79     10787477
            2       100000        20.74        21.61     10802561
            4       100000        20.74        43.21     10801677
            8       100000        20.80        86.17     10770916
           16       100000        20.81       172.19     10761860
           32       100000        20.90       342.90     10715495
           64       100000        21.44       668.74     10449068
          128       100000        25.70      1115.58      8715466
          256       100000        27.46      2088.08      8156574
          512       100000        28.88      3970.71      7755284
         1024       100000        29.20      7855.68      7671562
         2048       100000        34.75     13202.66      6446611
         4096       100000        43.97     20864.10      5093774
         8192       100000        66.12     27750.48      3387509
        16384        51200       116.35     31542.26      1925187
        32768        25600       232.45     31576.61       963642
        65536        12800       496.44     29569.49       451195
       131072         6400       877.00     33474.50       255390
       262144         3200      1712.87     34274.29       130746
       524288         1600      3382.11     34710.87        66206
      1048576          800      6749.10     34773.15        33162
      2097152          400     13483.83     34775.48        16582
      4194304          200     27068.73     34598.29         8249

#----------------------------------------------------------------
# Benchmarking Corandom
# #processes = 224
#----------------------------------------------------------------
       #bytes #repetitions      t[usec]   Mbytes/sec      Msg/sec
            0       100000        24.52         0.00      9134632
            1       100000        24.53         9.13      9132885
            2       100000        24.53        18.26      9129650
            4       100000        24.50        36.56      9140922
            8       100000        24.55        73.00      9125548
           16       100000        23.71       151.14      9446513
           32       100000        23.07       310.75      9710968
           64       100000        22.52       636.54      9945893
          128       100000        24.31      1179.16      9212185
          256       100000        24.61      2330.08      9101864
          512       100000        24.87      4611.55      9006927
         1024       100000        25.72      8916.75      8707768
         2048       100000        30.01     15286.86      7464287
         4096       100000        40.91     22427.15      5475379
         8192       100000        62.11     29543.01      3606325
        16384        51200       113.61     32303.60      1971655
        32768        25600       223.63     32821.35      1001628
        65536        12800       466.32     31478.95       480331
       131072         6400       839.40     34976.07       266846
       262144         3200      1617.55     36298.24       138467
       524288         1600      3175.95     36971.96        70518
      1048576          800      6307.15     37231.36        35507
      2097152          400     12602.00     37255.42        17765
      4194304          200     25319.39     37066.81         8837

#----------------------------------------------------------------
# Benchmarking Stencil2D (14 x 16)
# #processes = 224
#----------------------------------------------------------------
       #bytes #repetitions      t[usec]   Mbytes/sec      Msg/sec
            0       100000         5.74         0.00     39004531
            1       100000         5.71        39.22     39218643
            2       100000         5.70        78.61     39306126
            4       100000         5.71       157.04     39259549
            8       100000         5.86       305.66     38207618
           16       100000         5.78       620.00     38750207
           32       100000         5.76      1245.19     38912053
           64       100000         5.92      2421.17     37830741
          128       100000         6.41      4470.27     34924009
          256       100000         6.62      8657.02     33816483
          512       100000         6.69     17130.07     33457170
         1024       100000         6.75     33962.50     33166501
         2048       100000         7.70     59610.78     29106826
         4096       100000        11.75     78093.36     19065761
         8192       100000        15.28    120118.65     14662922
        16384        51200        30.11    121873.91      7438593
        32768        25600        63.40    115768.46      3532973
        65536        12800       138.26    106165.43      1619956
       131072         6400       248.38    118188.36       901706
       262144         3200       490.85    119557.32       456075
       524288         1600      1020.59    114999.02       219343
      1048576          800      2026.20    115757.19       110395
      2097152          400      4063.69    115362.09        55009
      4194304          200      8043.22    116297.37        27727

#----------------------------------------------------------------
# Benchmarking Stencil3D (4 x 8 x 7)
# #processes = 224
#----------------------------------------------------------------
       #bytes #repetitions      t[usec]   Mbytes/sec      Msg/sec
            0       100000         7.53         0.00     29751757
            1       100000         7.51        29.83     29831679
            2       100000         7.51        59.62     29811439
            4       100000         7.51       119.34     29836084
            8       100000         7.55       237.37     29671238
           16       100000         7.53       475.87     29741784
           32       100000         7.55       949.81     29681713
           64       100000         7.72      1857.15     29017947
          128       100000         8.37      3425.07     26758380
          256       100000         8.83      6496.15     25375584
          512       100000         8.92     12858.32     25113905
         1024       100000         9.07     25301.16     24708169
         2048       100000        10.34     44347.58     21654093
         4096       100000        13.74     66774.26     16302311
         8192       100000        20.34     90232.27     11014681
        16384        51200        44.87     81795.27      4992387
        32768        25600        84.21     87165.41      2660077
        65536        12800       189.18     77592.90      1183974
       131072         6400       352.01     83398.44       636280
       262144         3200       695.86     84364.86       321826
       524288         1600      1388.16     84572.96       161310
      1048576          800      2744.45     85517.85        81556
      2097152          400      5463.62     85846.81        40935
      4194304          200     10950.16     85643.14        20419


# All processes entering MPI_Finalize

