#------------------------------------------------------------
#    Intel(R) MPI Benchmarks 2019 Update 6, IMB-P2P part
#------------------------------------------------------------
# Date                  : Thu Oct 15 19:05:42 2020
# Machine               : x86_64
# System                : Linux
# Release               : 4.18.0-193.19.1.el8_2.x86_64
# Version               : #1 SMP Wed Aug 26 15:29:02 EDT 2020
# MPI Version           : 3.1
# MPI Thread Environment:
#
# Calling sequence was:
#
# IMB-P2P
#
# List of Benchmarks to run:
#
# PingPong
# PingPing
# Unirandom
# Birandom
# Corandom
# Stencil2D
# Stencil3D
#
# Minimum message length in bytes:   0
# Maximum message length in bytes:   4194304
#

#----------------------------------------------------------------
# Benchmarking PingPong
# #processes = 224
#----------------------------------------------------------------
       #bytes #repetitions      t[usec]   Mbytes/sec      Msg/sec
            0       100000         6.65         0.00     16742161
            1       100000         6.61        16.81     16814199
            2       100000         6.60        33.67     16836375
            4       100000         6.60        67.45     16862021
            8       100000         6.63       133.94     16742787
           16       100000         6.63       267.99     16749678
           32       100000         6.65       535.10     16721779
           64       100000         6.85      1038.35     16224168
          128       100000         7.19      1965.87     15358376
          256       100000         7.53      3729.95     14570134
          512       100000         7.64      7369.61     14393769
         1024       100000         7.97     14016.16     13687660
         2048       100000         9.69     22939.95     11201147
         4096       100000        13.84     32008.81      7814651
         8192       100000        22.32     39844.46      4863826
        16384        51200        43.84     41623.51      2540497
        32768        25600        85.24     42884.14      1308720
        65536        12800       233.10     30947.74       472225
       131072         6400       321.91     43890.50       334858
       262144         3200       621.68     45909.52       175131
       524288         1600      1217.27     47305.54        90228
      1048576          800      2416.79     47943.55        45723
      2097152          400      4950.24     46676.87        22257
      4194304          200     12163.46     35252.83         8405

#----------------------------------------------------------------
# Benchmarking PingPing
# #processes = 224
#----------------------------------------------------------------
       #bytes #repetitions      t[usec]   Mbytes/sec      Msg/sec
            0       100000         8.50         0.00     24597521
            1       100000         8.52        24.79     24791615
            2       100000         8.49        49.38     24690969
            4       100000         8.54        97.92     24479966
            8       100000         8.53       196.63     24579000
           16       100000         8.52       394.01     24625602
           32       100000         8.55       783.52     24485076
           64       100000         8.80      1539.70     24057736
          128       100000         9.50      2871.21     22431290
          256       100000        10.03      5460.76     21331105
          512       100000        10.50     10435.93     20382675
         1024       100000        11.83     18608.30     18172164
         2048       100000        16.02     27338.00     13348630
         4096       100000        24.80     35328.11      8625028
         8192       100000        43.97     41459.08      5060923
        16384        51200        85.11     42974.32      2622944
        32768        25600       170.96     42786.76      1305748
        65536        12800       344.41     42531.28       648976
       131072         6400       630.60     45227.94       345062
       262144         3200      1239.58     46327.42       176725
       524288         1600      2435.40     47508.78        90616
      1048576          800      4811.07     48251.63        46016
      2097152          400      9713.58     48024.39        22900
      4194304          200     20010.50     46413.35        11066

#----------------------------------------------------------------
# Benchmarking Unirandom
# #processes = 224
#----------------------------------------------------------------
       #bytes #repetitions      t[usec]   Mbytes/sec      Msg/sec
            0       100000        19.26         0.00     11627848
            1       100000        19.16        11.69     11693380
            2       100000        19.12        23.43     11712532
            4       100000        19.18        46.70     11675603
            8       100000        19.18        93.43     11678628
           16       100000        19.31       185.63     11601832
           32       100000        19.24       372.52     11641351
           64       100000        20.11       712.92     11139324
          128       100000        25.21      1137.17      8884119
          256       100000        24.92      2301.25      8989267
          512       100000        25.97      4416.43      8625843
         1024       100000        28.07      8171.60      7980079
         2048       100000        33.48     13701.79      6690326
         4096       100000        43.52     21079.99      5146481
         8192       100000        65.65     27948.67      3411703
        16384        51200       148.17     24768.47      1511747
        32768        25600       225.97     32481.14       991246
        65536        12800       498.01     29474.73       449749
       131072         6400       990.42     29640.53       226139
       262144         3200      1906.50     30793.08       117466
       524288         1600      3737.33     31410.75        59911
      1048576          800      7425.91     31602.75        30139
      2097152          400     14858.07     31550.05        15044
      4194304          200     29763.79     31444.93         7497

#----------------------------------------------------------------
# Benchmarking Birandom
# #processes = 224
#----------------------------------------------------------------
       #bytes #repetitions      t[usec]   Mbytes/sec      Msg/sec
            0       100000        20.77         0.00     10786620
            1       100000        20.75        10.79     10793008
            2       100000        20.74        21.60     10800454
            4       100000        20.74        43.20     10800956
            8       100000        20.79        86.20     10775357
           16       100000        20.82       172.17     10760844
           32       100000        20.93       342.51     10703397
           64       100000        21.42       669.38     10459013
          128       100000        25.72      1114.76      8709059
          256       100000        26.90      2131.63      8326676
          512       100000        27.70      4140.25      8086421
         1024       100000        29.23      7847.32      7663400
         2048       100000        34.17     13425.68      6555507
         4096       100000        44.00     20852.47      5090934
         8192       100000        66.64     27534.28      3361118
        16384        51200       116.57     31484.07      1921635
        32768        25600       259.40     28295.06       863497
        65536        12800       495.91     29600.49       451668
       131072         6400       877.26     33464.43       255313
       262144         3200      1709.03     34351.58       131041
       524288         1600      3379.50     34737.80        66257
      1048576          800      6744.68     34797.28        33185
      2097152          400     13462.70     34831.44        16609
      4194304          200     27080.28     34582.54         8245

#----------------------------------------------------------------
# Benchmarking Corandom
# #processes = 224
#----------------------------------------------------------------
       #bytes #repetitions      t[usec]   Mbytes/sec      Msg/sec
            0       100000        24.52         0.00      9133439
            1       100000        24.51         9.14      9137556
            2       100000        24.53        18.26      9131399
            4       100000        24.48        36.60      9151108
            8       100000        24.58        72.91      9113907
           16       100000        23.71       151.16      9447336
           32       100000        23.19       309.07      9658399
           64       100000        22.51       636.77      9949465
          128       100000        24.31      1179.40      9214066
          256       100000        24.59      2332.24      9110330
          512       100000        24.79      4626.28      9035693
         1024       100000        25.73      8914.58      8705641
         2048       100000        29.92     15330.08      7485391
         4096       100000        39.73     23095.97      5638664
         8192       100000        62.11     29543.71      3606410
        16384        51200       111.92     32790.44      2001369
        32768        25600       224.61     32676.75       997215
        65536        12800       466.71     31452.29       479924
       131072         6400       843.15     34819.92       265655
       262144         3200      1618.69     36271.00       138363
       524288         1600      3175.29     36980.88        70535
      1048576          800      6300.21     37272.84        35546
      2097152          400     12606.10     37245.92        17760
      4194304          200     25301.94     37099.08         8845

#----------------------------------------------------------------
# Benchmarking Stencil2D (14 x 16)
# #processes = 224
#----------------------------------------------------------------
       #bytes #repetitions      t[usec]   Mbytes/sec      Msg/sec
            0       100000         5.78         0.00     38719694
            1       100000         5.77        38.83     38828854
            2       100000         5.77        77.59     38797496
            4       100000         5.79       154.75     38687871
            8       100000         5.80       309.15     38643809
           16       100000         5.78       619.91     38744631
           32       100000         5.81      1234.06     38564309
           64       100000         5.95      2409.34     37645967
          128       100000         6.37      4497.66     35137936
          256       100000         6.72      8535.39     33341359
          512       100000         6.79     16879.19     32967175
         1024       100000         6.89     33278.18     32498223
         2048       100000         7.81     58716.34     28670089
         4096       100000        10.66     86089.27     21017889
         8192       100000        15.19    120802.89     14746446
        16384        51200        30.26    121289.32      7402912
        32768        25600        63.57    115460.01      3523560
        65536        12800       137.87    106467.30      1624562
       131072         6400       249.69    117547.65       896817
       262144         3200       490.89    119547.16       456036
       524288         1600      1021.75    114873.02       219103
      1048576          800      2030.10    115520.56       110169
      2097152          400      4069.41    115225.20        54944
      4194304          200      8051.93    116375.88        27746

#----------------------------------------------------------------
# Benchmarking Stencil3D (4 x 8 x 7)
# #processes = 224
#----------------------------------------------------------------
       #bytes #repetitions      t[usec]   Mbytes/sec      Msg/sec
            0       100000         7.72         0.00     29032016
            1       100000         7.69        29.14     29136782
            2       100000         7.73        57.95     28974375
            4       100000         7.73       115.94     28986101
            8       100000         7.73       231.81     28976105
           16       100000         7.71       465.13     29070418
           32       100000         7.66       935.70     29240718
           64       100000         7.82      1833.25     28644514
          128       100000        11.07      2589.33     20229149
          256       100000         8.77      6538.75     25542003
          512       100000         8.90     12880.73     25157669
         1024       100000         9.09     25243.39     24651751
         2048       100000        10.36     44269.00     21615725
         4096       100000        13.71     66900.76     16333193
         8192       100000        20.62     88971.76     10860810
        16384        51200        39.95     91852.81      5606250
        32768        25600        84.24     87130.76      2659020
        65536        12800       189.35     77523.64      1182917
       131072         6400       353.05     83152.83       634406
       262144         3200       696.51     84286.34       321527
       524288         1600      1390.31     84436.21       161049
      1048576          800      2750.87     85307.26        81355
      2097152          400      5480.82     85591.33        40813
      4194304          200     10958.91     85576.57        20403


# All processes entering MPI_Finalize

