#------------------------------------------------------------
#    Intel(R) MPI Benchmarks 2019 Update 6, IMB-P2P part
#------------------------------------------------------------
# Date                  : Fri Oct 16 18:01:54 2020
# Machine               : x86_64
# System                : Linux
# Release               : 4.18.0-193.19.1.el8_2.x86_64
# Version               : #1 SMP Wed Aug 26 15:29:02 EDT 2020
# MPI Version           : 3.1
# MPI Thread Environment:
#
# Calling sequence was:
#
# IMB-P2P
#
# List of Benchmarks to run:
#
# PingPong
# PingPing
# Unirandom
# Birandom
# Corandom
# Stencil2D
# Stencil3D
#
# Minimum message length in bytes:   0
# Maximum message length in bytes:   4194304
#

#----------------------------------------------------------------
# Benchmarking PingPong
# #processes = 8
#----------------------------------------------------------------
       #bytes #repetitions      t[usec]   Mbytes/sec      Msg/sec
            0       100000         1.67         0.00      2318793
            1       100000         1.57         2.37      2373909
            2       100000         1.52         4.73      2367253
            4       100000         1.45         9.74      2434983
            8       100000         1.42        20.47      2558752
           16       100000         1.41        41.81      2612897
           32       100000         1.42        83.14      2598261
           64       100000         1.51       154.41      2412614
          128       100000         2.34       195.99      1531149
          256       100000         2.36       411.47      1607287
          512       100000         2.53       769.09      1502120
         1024       100000         2.92      1342.53      1311067
         2048       100000         3.55      2235.66      1091631
         4096       100000         4.18      3788.97       925041
         8192       100000         5.50      5722.28       698520
        16384        51200         7.77      8102.01       494508
        32768        25600        12.91      8762.92       267423
        65536        12800        22.80      9578.20       146152
       131072         6400        42.44     11010.51        84004
       262144         3200        79.40     12447.12        47482
       524288         1600       154.20     12963.95        24727
      1048576          800       304.06     13146.56        12538
      2097152          400       601.95     13286.76         6336
      4194304          200      1180.82     13622.93         3248

#----------------------------------------------------------------
# Benchmarking PingPing
# #processes = 8
#----------------------------------------------------------------
       #bytes #repetitions      t[usec]   Mbytes/sec      Msg/sec
            0       100000         1.38         0.00      5581376
            1       100000         1.55         4.82      4816746
            2       100000         1.70         8.94      4470669
            4       100000         1.75        17.75      4437337
            8       100000         1.78        34.20      4274385
           16       100000         1.87        65.82      4113917
           32       100000         1.92       129.87      4058321
           64       100000         2.04       242.96      3796298
          128       100000         3.08       321.60      2512471
          256       100000         3.21       609.47      2380750
          512       100000         3.33      1124.55      2196384
         1024       100000         3.62      2026.16      1978671
         2048       100000         4.01      3874.66      1891926
         4096       100000         4.70      6646.93      1622785
         8192       100000         6.22     10072.45      1229547
        16384        51200         8.66     14402.89       879083
        32768        25600        13.38     18844.88       575100
        65536        12800        23.08     21685.83       330899
       131072         6400        43.82     22962.52       175190
       262144         3200        94.37     20177.75        76972
       524288         1600       181.14     21068.51        40185
      1048576          800       354.36     21481.81        20487
      2097152          400       698.77     21828.84        10409
      4194304          200      1383.41     22001.56         5246

#----------------------------------------------------------------
# Benchmarking Unirandom
# #processes = 8
#----------------------------------------------------------------
       #bytes #repetitions      t[usec]   Mbytes/sec      Msg/sec
            0       100000         2.60         0.00      3075310
            1       100000         2.60         3.08      3080227
            2       100000         2.61         6.13      3062737
            4       100000         2.65        12.06      3013984
            8       100000         2.63        24.31      3038472
           16       100000         2.63        48.70      3043693
           32       100000         2.66        96.18      3005477
           64       100000         2.84       180.41      2818959
          128       100000         4.21       243.50      1902361
          256       100000         4.39       466.72      1823129
          512       100000         4.73       865.76      1690929
         1024       100000         5.52      1483.77      1448997
         2048       100000         6.91      2372.19      1158294
         4096       100000         8.43      3885.25       948548
         8192       100000        15.78      4153.53       507023
        16384        51200        23.80      5507.49       336150
        32768        25600        37.64      6964.47       212539
        65536        12800        65.85      7961.02       121476
       131072         6400       125.52      8353.20        63730
       262144         3200       292.42      7170.64        27354
       524288         1600       558.20      7512.01        14328
      1048576          800      1068.20      7847.73         7484
      2097152          400      2113.66      7925.04         3779
      4194304          200      4163.24      8044.48         1918

#----------------------------------------------------------------
# Benchmarking Birandom
# #processes = 8
#----------------------------------------------------------------
       #bytes #repetitions      t[usec]   Mbytes/sec      Msg/sec
            0       100000         3.21         0.00      2495919
            1       100000         3.19         2.51      2507806
            2       100000         3.18         5.03      2516168
            4       100000         3.23         9.92      2480116
            8       100000         3.21        19.91      2488550
           16       100000         3.21        39.93      2495423
           32       100000         3.23        79.24      2476222
           64       100000         3.40       150.75      2355502
          128       100000         4.61       222.02      1734536
          256       100000         4.89       418.40      1634382
          512       100000         5.22       785.38      1533944
         1024       100000         5.96      1374.64      1342419
         2048       100000         7.27      2252.29      1099750
         4096       100000         8.68      3773.33       921223
         8192       100000        14.96      4381.49       534850
        16384        51200        22.39      5854.47       357329
        32768        25600        36.97      7091.46       216414
        65536        12800        66.35      7901.57       120568
       131072         6400       127.41      8229.14        62783
       262144         3200       191.43     10953.51        41784
       524288         1600       360.13     11642.99        22207
      1048576          800       689.96     12151.99        11589
      2097152          400      1351.70     12395.20         5910
      4194304          200      2671.74     12544.54         2991

#----------------------------------------------------------------
# Benchmarking Corandom
# #processes = 8
#----------------------------------------------------------------
       #bytes #repetitions      t[usec]   Mbytes/sec      Msg/sec
            0       100000         2.04         0.00      3924802
            1       100000         2.13         3.75      3750049
            2       100000         2.15         7.45      3723484
            4       100000         2.18        14.69      3672517
            8       100000         2.21        28.91      3613676
           16       100000         2.28        56.16      3510009
           32       100000         2.38       107.46      3358264
           64       100000         2.61       196.45      3069590
          128       100000         3.62       282.73      2208824
          256       100000         3.55       577.38      2255408
          512       100000         3.62      1132.62      2212157
         1024       100000         4.01      2044.85      1996920
         2048       100000         4.70      3483.95      1701147
         4096       100000         5.51      5951.68      1453046
         8192       100000         7.43      8823.33      1077066
        16384        51200        11.00     11916.01       727296
        32768        25600        16.98     15434.24       471016
        65536        12800        30.43     17226.92       262862
       131072         6400        55.44     18914.22       144304
       262144         3200       106.67     19658.37        74991
       524288         1600       202.38     20722.35        39525
      1048576          800       391.92     21397.45        20406
      2097152          400       766.96     21859.48        10423
      4194304          200      1504.16     22276.76         5311

#----------------------------------------------------------------
# Benchmarking Stencil2D (2 x 4)
# #processes = 8
#----------------------------------------------------------------
       #bytes #repetitions      t[usec]   Mbytes/sec      Msg/sec
            0       100000         0.95         0.00      8385339
            1       100000         0.96         8.35      8345518
            2       100000         0.96        16.74      8368713
            4       100000         0.95        33.52      8380818
            8       100000         0.96        66.91      8363237
           16       100000         0.96       133.00      8312750
           32       100000         0.96       265.89      8308948
           64       100000         1.00       512.46      8007185
          128       100000         1.30       785.39      6135859
          256       100000         1.37      1491.70      5826939
          512       100000         1.46      2805.58      5479642
         1024       100000         1.63      5036.29      4918253
         2048       100000         1.98      8287.13      4046450
         4096       100000         2.51     13044.86      3184780
         8192       100000         3.88     16883.84      2061015
        16384        51200         6.52     20096.57      1226597
        32768        25600        11.84     22146.34       675853
        65536        12800        22.33     23479.42       358267
       131072         6400        43.46     24129.30       184092
       262144         3200        96.45     21741.68        82938
       524288         1600       190.66     21994.09        41950
      1048576          800       379.10     22118.96        21094
      2097152          400       753.24     22256.99        10613
      4194304          200      1514.38     22129.85         5276

#----------------------------------------------------------------
# Benchmarking Stencil3D (2 x 2 x 2)
# #processes = 8
#----------------------------------------------------------------
       #bytes #repetitions      t[usec]   Mbytes/sec      Msg/sec
            0       100000         0.87         0.00      9201803
            1       100000         0.88         9.12      9120732
            2       100000         0.87        18.35      9172754
            4       100000         0.88        36.55      9138382
            8       100000         0.88        73.12      9139726
           16       100000         0.88       146.10      9131100
           32       100000         0.88       291.27      9102188
           64       100000         0.91       564.74      8824103
          128       100000         1.14       896.29      7002279
          256       100000         1.22      1684.30      6579282
          512       100000         1.26      3258.50      6364254
         1024       100000         1.39      5909.22      5770718
         2048       100000         1.68      9742.86      4757257
         4096       100000         2.19     14972.87      3655487
         8192       100000         3.58     18291.06      2232795
        16384        51200         6.20     21141.51      1290375
        32768        25600        11.49     22808.33       696055
        65536        12800        22.26     23555.45       359428
       131072         6400        43.38     24171.96       184417
       262144         3200        99.62     21050.79        80302
       524288         1600       196.96     21291.87        40611
      1048576          800       389.76     21516.95        20520
      2097152          400       786.73     21311.63        10162
      4194304          200      1696.51     19767.04         4713


# All processes entering MPI_Finalize

