#------------------------------------------------------------
#    Intel(R) MPI Benchmarks 2019 Update 6, IMB-P2P part
#------------------------------------------------------------
# Date                  : Fri Oct 16 11:48:27 2020
# Machine               : x86_64
# System                : Linux
# Release               : 4.18.0-193.19.1.el8_2.x86_64
# Version               : #1 SMP Wed Aug 26 15:29:02 EDT 2020
# MPI Version           : 3.1
# MPI Thread Environment:
#
# Calling sequence was:
#
# IMB-P2P
#
# List of Benchmarks to run:
#
# PingPong
# PingPing
# Unirandom
# Birandom
# Corandom
# Stencil2D
# Stencil3D
#
# Minimum message length in bytes:   0
# Maximum message length in bytes:   4194304
#

#----------------------------------------------------------------
# Benchmarking PingPong
# #processes = 224
#----------------------------------------------------------------
       #bytes #repetitions      t[usec]   Mbytes/sec      Msg/sec
            0       100000       605.10         0.00       176707
            1       100000       606.01         0.18       175000
            2       100000       604.41         0.35       177118
            4       100000       604.63         0.71       176637
            8       100000       602.95         1.42       177925
           16       100000       603.15         2.84       177730
           32       100000       606.53         5.59       174653
           64       100000       606.46        11.13       173915
          128       100000       589.52        23.11       180536
          256       100000       579.90        46.44       181412
          512       100000       511.51       101.24       197731
         1024       100000       486.68       211.12       206167
         2048       100000       514.55       406.83       198647
         4096       100000       477.43       852.26       208071
         8192       100000       476.63      1684.89       205675
        16384        51200      1145.18      1490.98        91002
        32768        25600      1320.43      2471.91        75437
        65536        12800      1457.91      4350.59        66385
       131072         6400      1397.85      7711.81        58836
       262144         3200      4031.27      6883.59        26259
       524288         1600      5918.97      9504.14        18128
      1048576          800     12047.77      8999.93         8583
      2097152          400     27112.84      6676.46         3184
      4194304          200     47875.86      8019.50         1912

#----------------------------------------------------------------
# Benchmarking PingPing
# #processes = 224
#----------------------------------------------------------------
       #bytes #repetitions      t[usec]   Mbytes/sec      Msg/sec
            0       100000      1179.00         0.00       182779
            1       100000      1176.69         0.18       184172
            2       100000      1177.82         0.37       183574
            4       100000      1186.98         0.72       180712
            8       100000      1179.71         1.46       182911
           16       100000      1179.26         2.92       182319
           32       100000      1174.73         5.84       182587
           64       100000      1181.42        11.70       182864
          128       100000      1117.82        24.08       188151
          256       100000      1062.29        49.83       194649
          512       100000      1028.49       101.90       199018
         1024       100000      1083.26       192.46       187951
         2048       100000      1081.47       387.99       189449
         4096       100000       760.11      1010.98       246821
         8192       100000       775.48      1977.12       241347
        16384        51200      1477.98      2246.49       137115
        32768        25600      1568.23      4138.29       126290
        65536        12800      2378.45      5579.01        85129
       131072         6400      4829.74      5570.48        42499
       262144         3200      5724.09      9549.59        36429
       524288         1600     11425.48      9466.32        18056
      1048576          800     22202.85      7359.98         7019
      2097152          400     39098.73      9222.23         4398
      4194304          200     81561.00      9000.35         2146

#----------------------------------------------------------------
# Benchmarking Unirandom
# #processes = 224
#----------------------------------------------------------------
       #bytes #repetitions      t[usec]   Mbytes/sec      Msg/sec
            0       100000       793.84         0.00       282153
            1       100000       769.86         0.29       290960
            2       100000       762.21         0.59       293881
            4       100000       750.48         1.19       298466
            8       100000       763.58         2.35       293347
           16       100000       769.33         4.66       291159
           32       100000       731.86         9.79       306053
           64       100000       754.72        18.99       296792
          128       100000       758.99        37.78       295120
          256       100000       765.54        74.90       292580
          512       100000       513.94       223.15       435837
         1024       100000       512.72       447.32       436833
         2048       100000       480.60       954.52       466072
         4096       100000       461.84      1986.32       484943
         8192       100000       432.31      4244.43       518119
        16384        51200       770.31      4763.99       290771
        32768        25600      1595.21      4601.09       140414
        65536        12800      1838.87      7981.75       121792
       131072         6400      3438.44      8536.09        65125
       262144         3200      3302.76     17774.52        67804
       524288         1600      5320.75     22060.13        42076
      1048576          800     10636.88     22062.77        21041
      2097152          400     22105.28     21211.86        10115
      4194304          200     44679.50     20933.00         4991

#----------------------------------------------------------------
# Benchmarking Birandom
# #processes = 224
#----------------------------------------------------------------
       #bytes #repetitions      t[usec]   Mbytes/sec      Msg/sec
            0       100000       734.70         0.00       304883
            1       100000       732.39         0.31       305845
            2       100000       713.81         0.63       313805
            4       100000       725.94         1.23       308562
            8       100000       728.49         2.46       307482
           16       100000       729.05         4.92       307246
           32       100000       736.99         9.73       303938
           64       100000       712.16        20.13       314529
          128       100000       731.78        39.18       306103
          256       100000       725.91        79.00       308577
          512       100000       535.72       214.08       418122
         1024       100000       527.36       434.95       424753
         2048       100000       516.67       887.89       433538
         4096       100000       488.86      1876.80       458202
         8192       100000       475.24      3861.19       471337
        16384        51200       786.89      4663.88       284661
        32768        25600      1218.91      6021.56       183764
        65536        12800      1460.76     10048.56       153329
       131072         6400      2560.45     11465.03        87471
       262144         3200      2972.04     19752.69        75351
       524288         1600      5049.63     23245.13        44337
      1048576          800     10319.45     22733.95        21681
      2097152          400     21142.64     22161.96        10568
      4194304          200     43204.66     21652.48         5162

#----------------------------------------------------------------
# Benchmarking Corandom
# #processes = 224
#----------------------------------------------------------------
       #bytes #repetitions      t[usec]   Mbytes/sec      Msg/sec
            0       100000      1015.77         0.00       220518
            1       100000      1024.74         0.22       218590
            2       100000      1017.58         0.44       220128
            4       100000      1019.38         0.88       219733
            8       100000      1022.43         1.75       219084
           16       100000      1018.21         3.52       219992
           32       100000      1030.79         6.95       217306
           64       100000      1026.48        13.97       218217
          128       100000      1030.09        27.83       217447
          256       100000      1032.55        55.54       216937
          512       100000       972.71       117.90       230274
         1024       100000       955.36       240.08       234455
         2048       100000       945.01       485.44       237032
         4096       100000       883.30      1038.70       253588
         8192       100000       775.96      2364.45       288629
        16384        51200      1055.45      3477.14       212228
        32768        25600      1954.52      3755.33       114603
        65536        12800      2160.28      6794.80       103680
       131072         6400      2874.65     10208.53        77885
       262144         3200      3238.11     18130.85        69164
       524288         1600      5465.17     21469.21        40949
      1048576          800     10842.44     21643.06        20640
      2097152          400     20368.15     22495.71        10727
      4194304          200     43156.36     21696.52         5173

#----------------------------------------------------------------
# Benchmarking Stencil2D (14 x 16)
# #processes = 224
#----------------------------------------------------------------
       #bytes #repetitions      t[usec]   Mbytes/sec      Msg/sec
            0       100000       538.49         0.00       415935
            1       100000       535.38         0.42       418390
            2       100000       530.70         0.84       422061
            4       100000       525.02         1.71       426633
            8       100000       530.37         3.38       422335
           16       100000       517.63         6.92       432730
           32       100000       530.73        13.50       422023
           64       100000       530.73        27.01       422050
          128       100000       513.20        55.87       436455
          256       100000       296.55       193.37       755336
          512       100000       202.32       566.83      1107081
         1024       100000       187.73      1221.75      1193112
         2048       100000       170.26      2694.35      1315603
         4096       100000       132.64      6916.91      1688698
         8192       100000       110.83     16555.71      2020960
        16384        51200       467.81      7844.39       478784
        32768        25600       549.17     13364.93       407865
        65536        12800       604.37     24287.89       370604
       131072         6400       858.65     34182.69       260793
       262144         3200      1168.55     50214.06       191551
       524288         1600      2377.74     49339.17        94107
      1048576          800      5323.86     43966.12        41929
      2097152          400     21113.82     22211.30        10591
      4194304          200     41088.28     22579.53         5383

#----------------------------------------------------------------
# Benchmarking Stencil3D (4 x 8 x 7)
# #processes = 224
#----------------------------------------------------------------
       #bytes #repetitions      t[usec]   Mbytes/sec      Msg/sec
            0       100000       746.81         0.00       299935
            1       100000       743.84         0.30       301128
            2       100000       744.40         0.60       300908
            4       100000       748.91         1.20       299097
            8       100000       742.08         2.41       301843
           16       100000       749.13         4.78       299007
           32       100000       748.16         9.58       299399
           64       100000       751.82        19.07       297940
          128       100000       778.91        36.81       287581
          256       100000       716.56        80.03       312601
          512       100000       467.55       245.29       479077
         1024       100000       459.70       498.94       487250
         2048       100000       424.70      1080.15       527416
         4096       100000       326.75      2807.89       685520
         8192       100000       245.63      7470.30       911902
        16384        51200       696.12      5271.97       321775
        32768        25600       786.26      9334.42       284864
        65536        12800       815.09     18009.70       274806
       131072         6400      1322.34     22194.51       169331
       262144         3200      2329.93     25194.20        96108
       524288         1600      3696.75     31741.59        60542
      1048576          800     14239.13     16486.89        15723
      2097152          400     27756.11     16902.84         8060
      4194304          200     48114.54     19442.84         4636


# All processes entering MPI_Finalize

