#------------------------------------------------------------
#    Intel(R) MPI Benchmarks 2019 Update 6, IMB-P2P part
#------------------------------------------------------------
# Date                  : Thu Oct 15 00:09:37 2020
# Machine               : x86_64
# System                : Linux
# Release               : 4.18.0-193.19.1.el8_2.x86_64
# Version               : #1 SMP Wed Aug 26 15:29:02 EDT 2020
# MPI Version           : 3.1
# MPI Thread Environment:
#
# Calling sequence was:
#
# IMB-P2P
#
# List of Benchmarks to run:
#
# PingPong
# PingPing
# Unirandom
# Birandom
# Corandom
# Stencil2D
# Stencil3D
#
# Minimum message length in bytes:   0
# Maximum message length in bytes:   4194304
#

#----------------------------------------------------------------
# Benchmarking PingPong
# #processes = 8
#----------------------------------------------------------------
       #bytes #repetitions      t[usec]   Mbytes/sec      Msg/sec
            0       100000        31.12         0.00       118205
            1       100000        30.74         0.12       120214
            2       100000        30.42         0.24       120459
            4       100000        30.46         0.48       120330
            8       100000        30.46         0.96       120241
           16       100000        30.54         1.91       119661
           32       100000        30.60         3.82       119473
           64       100000        30.77         7.63       119244
          128       100000        33.20        15.11       118015
          256       100000        35.49        27.71       108240
          512       100000        41.36        45.35        88573
         1024       100000        47.76        71.28        69607
         2048       100000        50.22       124.73        60905
         4096       100000        57.82       249.43        60897
         8192       100000        65.08       498.83        60892
        16384        51200       113.51       506.95        30942
        32768        25600       153.79       676.08        20632
        65536        12800       198.11      1049.02        16007
       131072         6400       268.74      1857.87        14174
       262144         3200       406.16      2508.35         9569
       524288         1600       646.19      3203.22         6110
      1048576          800      1125.38      3706.72         3535
      2097152          400      2096.27      3996.26         1906
      4194304          200      4007.18      4170.71          994

#----------------------------------------------------------------
# Benchmarking PingPing
# #processes = 8
#----------------------------------------------------------------
       #bytes #repetitions      t[usec]   Mbytes/sec      Msg/sec
            0       100000        34.39         0.00       226918
            1       100000        34.41         0.23       226958
            2       100000        34.42         0.45       226837
            4       100000        34.44         0.91       226925
            8       100000        34.43         1.82       226935
           16       100000        34.47         3.63       226891
           32       100000        34.68         6.83       213343
           64       100000        34.75        12.90       201608
          128       100000        35.11        27.83       217410
          256       100000        37.88        52.72       205933
          512       100000        45.37        89.90       175590
         1024       100000        56.39       142.49       139151
         2048       100000        64.88       249.49       121820
         4096       100000        65.85       495.44       120957
         8192       100000        70.69       796.38        97214
        16384        51200       117.10      1013.25        61844
        32768        25600       158.63      1358.85        41469
        65536        12800       181.15      2806.68        42827
       131072         6400       275.88      3548.11        27070
       262144         3200       464.76      4353.93        16609
       524288         1600       719.83      5747.21        10962
      1048576          800      1231.74      6702.93         6392
      2097152          400      2226.27      7427.45         3542
      4194304          200      4296.67      7715.76         1840

#----------------------------------------------------------------
# Benchmarking Unirandom
# #processes = 8
#----------------------------------------------------------------
       #bytes #repetitions      t[usec]   Mbytes/sec      Msg/sec
            0       100000        60.57         0.00       132077
            1       100000        59.90         0.13       133556
            2       100000        59.93         0.27       133489
            4       100000        59.89         0.53       133584
            8       100000        60.18         1.06       132935
           16       100000        59.98         2.13       133371
           32       100000        60.23         4.25       132824
           64       100000        60.81         8.42       131560
          128       100000        61.47        16.66       130153
          256       100000        62.35        32.85       128301
          512       100000        71.13        57.59       112473
         1024       100000        73.35       111.68       109060
         2048       100000        78.68       208.23       101676
         4096       100000        89.04       368.01        89846
         8192       100000       111.44       588.06        71784
        16384        51200       172.46       759.98        46385
        32768        25600       235.20      1114.51        34012
        65536        12800       341.24      1536.30        23442
       131072         6400       564.87      1856.06        14161
       262144         3200      1750.84      1197.64         4569
       524288         1600      2854.01      1469.22         2802
      1048576          800      4767.24      1758.56         1677
      2097152          400      8734.15      1918.58          915
      4194304          200     16559.04      2023.29          482

#----------------------------------------------------------------
# Benchmarking Birandom
# #processes = 8
#----------------------------------------------------------------
       #bytes #repetitions      t[usec]   Mbytes/sec      Msg/sec
            0       100000        55.12         0.00       145124
            1       100000        55.27         0.14       144733
            2       100000        55.26         0.29       144780
            4       100000        55.49         0.58       144162
            8       100000        55.31         1.16       144648
           16       100000        55.36         2.31       144513
           32       100000        55.65         4.60       143742
           64       100000        56.18         9.11       142391
          128       100000        56.98        17.97       140391
          256       100000        57.86        35.39       138257
          512       100000        66.13        61.94       120981
         1024       100000        70.62       116.01       113288
         2048       100000        76.18       215.08       105019
         4096       100000        86.06       380.77        92962
         8192       100000       108.62       603.34        73650
        16384        51200       172.65       759.18        46337
        32768        25600       230.63      1136.63        34687
        65536        12800       339.11      1545.98        23590
       131072         6400       574.54      1824.85        13922
       262144         3200      1476.82      1419.91         5417
       524288         1600      2411.63      1738.68         3316
      1048576          800      4247.84      1973.63         1882
      2097152          400      7853.06      2134.13         1018
      4194304          200     15031.81      2229.36          532

#----------------------------------------------------------------
# Benchmarking Corandom
# #processes = 8
#----------------------------------------------------------------
       #bytes #repetitions      t[usec]   Mbytes/sec      Msg/sec
            0       100000        35.07         0.00       228123
            1       100000        35.09         0.23       228002
            2       100000        35.06         0.46       228197
            4       100000        35.06         0.91       228155
            8       100000        35.06         1.83       228168
           16       100000        35.13         3.64       227724
           32       100000        35.25         7.26       226938
           64       100000        35.61        14.38       224668
          128       100000        36.13        28.34       221415
          256       100000        36.76        55.70       217595
          512       100000        42.63        96.09       187674
         1024       100000        44.90       182.43       178154
         2048       100000        48.82       335.59       163863
         4096       100000        54.73       598.67       146160
         8192       100000        68.29       959.65       117144
        16384        51200       108.58      1207.13        73677
        32768        25600       143.20      1830.66        55867
        65536        12800       212.52      2466.85        37641
       131072         6400       353.41      2966.60        22633
       262144         3200       635.57      3299.50        12587
       524288         1600      1029.11      4075.21         7773
      1048576          800      1692.51      4955.67         4726
      2097152          400      2806.81      5976.51         2850
      4194304          200      4969.22      6748.56         1609

#----------------------------------------------------------------
# Benchmarking Stencil2D (2 x 4)
# #processes = 8
#----------------------------------------------------------------
       #bytes #repetitions      t[usec]   Mbytes/sec      Msg/sec
            0       100000        21.05         0.00       380054
            1       100000        21.20         0.38       377348
            2       100000        21.21         0.75       377102
            4       100000        21.22         1.51       376981
            8       100000        21.25         3.01       376521
           16       100000        21.42         5.98       373494
           32       100000        21.49        11.91       372213
           64       100000        21.52        23.80       371808
          128       100000        21.39        47.88       374077
          256       100000        22.31        91.80       358584
          512       100000        26.26       155.99       304674
         1024       100000        24.82       330.10       322366
         2048       100000        27.54       594.81       290436
         4096       100000        29.60      1107.20       270313
         8192       100000        33.95      1930.62       235671
        16384        51200        49.28      2659.90       162348
        32768        25600        73.86      3549.12       108311
        65536        12800       131.43      3989.13        60869
       131072         6400       245.82      4265.47        32543
       262144         3200       447.09      4690.45        17893
       524288         1600       812.98      5158.65         9839
      1048576          800      1548.51      5415.54         5165
      2097152          400      3159.04      5308.73         2531
      4194304          200      6812.06      4924.37         1174

#----------------------------------------------------------------
# Benchmarking Stencil3D (2 x 2 x 2)
# #processes = 8
#----------------------------------------------------------------
       #bytes #repetitions      t[usec]   Mbytes/sec      Msg/sec
            0       100000        16.23         0.00       492915
            1       100000        16.42         0.49       487236
            2       100000        16.42         0.97       487310
            4       100000        16.41         1.95       487421
            8       100000        16.41         3.90       487365
           16       100000        16.43         7.79       486791
           32       100000        16.49        15.52       485025
           64       100000        16.56        30.91       483033
          128       100000        16.45        62.24       486261
          256       100000        16.84       121.63       475133
          512       100000        18.35       223.21       435961
         1024       100000        19.13       428.13       418100
         2048       100000        20.32       806.46       393780
         4096       100000        22.54      1453.90       354956
         8192       100000        25.60      2559.61       312453
        16384        51200        39.61      3308.91       201960
        32768        25600        68.29      3838.90       117154
        65536        12800       126.45      4146.10        63265
       131072         6400       243.22      4310.98        32890
       262144         3200       434.27      4828.85        18421
       524288         1600       815.91      5140.09         9804
      1048576          800      1579.67      5309.72         5064
      2097152          400      3289.45      5099.53         2432
      4194304          200      7015.60      4781.49         1140


# All processes entering MPI_Finalize

