#------------------------------------------------------------
#    Intel(R) MPI Benchmarks 2019 Update 6, IMB-P2P part
#------------------------------------------------------------
# Date                  : Fri Oct 23 23:21:01 2020
# Machine               : x86_64
# System                : Linux
# Release               : 4.18.0-193.19.1.el8_2.x86_64
# Version               : #1 SMP Wed Aug 26 15:29:02 EDT 2020
# MPI Version           : 3.1
# MPI Thread Environment:
#
# Calling sequence was:
#
# IMB-P2P
#
# List of Benchmarks to run:
#
# PingPong
# PingPing
# Unirandom
# Birandom
# Corandom
# Stencil2D
# Stencil3D
#
# Minimum message length in bytes:   0
# Maximum message length in bytes:   4194304
#

#----------------------------------------------------------------
# Benchmarking PingPong
# #processes = 16
#----------------------------------------------------------------
       #bytes #repetitions      t[usec]   Mbytes/sec      Msg/sec
            0       100000        24.82         0.00       293440
            1       100000        24.35         0.30       299545
            2       100000        24.23         0.60       301786
            4       100000        24.11         1.22       304682
            8       100000        24.08         2.45       305625
           16       100000        24.09         4.89       305403
           32       100000        24.15         9.78       305493
           64       100000        24.34        19.29       301484
          128       100000        28.75        35.59       278035
          256       100000        36.96        55.38       216338
          512       100000        43.14        94.93       185401
         1024       100000        57.26       142.51       139174
         2048       100000        65.62       249.45       121800
         4096       100000        65.68       498.85       121789
         8192       100000        65.68       997.71       121791
        16384        51200        93.62      1346.13        82162
        32768        25600       108.48      2363.69        72134
        65536        12800       221.11      2338.63        35685
       131072         6400       281.31      3605.37        27507
       262144         3200       372.27      5545.02        21153
       524288         1600       626.18      6647.76        12680
      1048576          800      1115.37      7469.66         7124
      2097152          400      2077.91      8040.96         3834
      4194304          200      4016.86      8321.17         1984

#----------------------------------------------------------------
# Benchmarking PingPing
# #processes = 16
#----------------------------------------------------------------
       #bytes #repetitions      t[usec]   Mbytes/sec      Msg/sec
            0       100000        29.71         0.00       510074
            1       100000        29.77         0.51       509944
            2       100000        29.78         1.02       509517
            4       100000        29.76         2.04       509815
            8       100000        29.76         4.08       509480
           16       100000        29.81         8.13       508307
           32       100000        31.25        15.41       481414
           64       100000        31.85        28.97       452677
          128       100000        29.58        67.12       524411
          256       100000        36.97       110.62       432118
          512       100000        43.12       189.96       371010
         1024       100000        57.42       285.05       278371
         2048       100000        62.97       508.53       248305
         4096       100000        65.68       997.09       243430
         8192       100000        91.92      1149.24       140288
        16384        51200       126.75      2054.91       125422
        32768        25600       130.83      3933.44       120039
        65536        12800       207.87      4992.70        76182
       131072         6400       258.77      8045.64        61383
       262144         3200       429.79      9668.78        36883
       524288         1600       687.00     12034.22        22953
      1048576          800      1187.84     14064.88        13413
      2097152          400      2143.93     15423.45         7354
      4194304          200      4124.17     15992.28         3813

#----------------------------------------------------------------
# Benchmarking Unirandom
# #processes = 16
#----------------------------------------------------------------
       #bytes #repetitions      t[usec]   Mbytes/sec      Msg/sec
            0       100000        53.42         0.00       299516
            1       100000        53.52         0.30       298939
            2       100000        53.54         0.60       298848
            4       100000        53.48         1.20       299154
            8       100000        53.43         2.40       299469
           16       100000        53.58         4.78       298589
           32       100000        53.99         9.48       296366
           64       100000        54.57        18.77       293214
          128       100000        55.85        36.67       286481
          256       100000        57.91        70.73       276299
          512       100000        67.95       120.55       235448
         1024       100000        73.50       222.90       217678
         2048       100000        80.84       405.35       197924
         4096       100000        92.10       711.60       173730
         8192       100000       117.04      1119.86       136702
        16384        51200       167.95      1560.79        95263
        32768        25600       231.15      2268.07        69216
        65536        12800       392.07      2674.15        40804
       131072         6400       632.06      3317.25        25309
       262144         3200      1893.63      2214.63         8448
       524288         1600      3126.71      2682.13         5116
      1048576          800      5497.59      3049.41         2908
      2097152          400     10409.95      3218.33         1535
      4194304          200     20018.99      3340.16          796

#----------------------------------------------------------------
# Benchmarking Birandom
# #processes = 16
#----------------------------------------------------------------
       #bytes #repetitions      t[usec]   Mbytes/sec      Msg/sec
            0       100000        51.98         0.00       307778
            1       100000        52.19         0.31       306581
            2       100000        52.14         0.61       306837
            4       100000        52.11         1.23       307033
            8       100000        52.18         2.45       306635
           16       100000        52.24         4.90       306258
           32       100000        52.83         9.69       302871
           64       100000        53.68        19.08       298077
          128       100000        55.73        36.75       287113
          256       100000        58.94        69.50       271467
          512       100000        69.44       117.97       230404
         1024       100000        76.29       214.76       209729
         2048       100000        84.25       388.91       189899
         4096       100000        95.21       688.30       168041
         8192       100000       118.72      1104.02       134768
        16384        51200       172.92      1515.97        92528
        32768        25600       241.20      2173.59        66333
        65536        12800       403.04      2601.51        39696
       131072         6400       646.06      3245.80        24763
       262144         3200      1660.37      2525.73         9635
       524288         1600      2818.49      2975.30         5675
      1048576          800      5049.74      3319.64         3166
      2097152          400      9571.08      3500.49         1669
      4194304          200     18559.82      3603.00          859

#----------------------------------------------------------------
# Benchmarking Corandom
# #processes = 16
#----------------------------------------------------------------
       #bytes #repetitions      t[usec]   Mbytes/sec      Msg/sec
            0       100000        29.71         0.00       538541
            1       100000        29.70         0.54       538766
            2       100000        29.69         1.08       538891
            4       100000        29.64         2.16       539796
            8       100000        29.68         4.31       539064
           16       100000        30.00         8.53       533412
           32       100000        30.41        16.84       526135
           64       100000        31.33        32.68       510649
          128       100000        33.26        61.57       481045
          256       100000        36.47       112.31       438703
          512       100000        44.86       182.59       356622
         1024       100000        50.92       321.74       314195
         2048       100000        58.12       563.84       275311
         4096       100000        64.80      1011.31       246903
         8192       100000        77.38      1693.88       206773
        16384        51200       104.58      2506.62       152992
        32768        25600       138.32      3790.27       115670
        65536        12800       218.00      4809.56        73388
       131072         6400       348.65      6013.84        45882
       262144         3200       600.46      6984.72        26645
       524288         1600       954.53      8787.00        16760
      1048576          800      1551.94     10808.73        10308
      2097152          400      2615.16     12827.24         6117
      4194304          200      4665.73     14374.42         3427

#----------------------------------------------------------------
# Benchmarking Stencil2D (4 x 4)
# #processes = 16
#----------------------------------------------------------------
       #bytes #repetitions      t[usec]   Mbytes/sec      Msg/sec
            0       100000        22.23         0.00       719726
            1       100000        22.11         0.72       723697
            2       100000        22.11         1.45       723548
            4       100000        22.14         2.89       722724
            8       100000        22.23         5.76       719652
           16       100000        22.00        11.63       727180
           32       100000        22.38        22.88       714911
           64       100000        22.57        45.38       709045
          128       100000        24.25        84.44       659708
          256       100000        27.42       149.38       583497
          512       100000        31.10       263.39       514441
         1024       100000        30.97       528.94       516547
         2048       100000        32.59      1005.51       490972
         4096       100000        36.49      1796.16       438515
         8192       100000        43.30      3026.96       369502
        16384        51200        56.96      4602.02       280885
        32768        25600        73.08      7173.78       218926
        65536        12800       108.13      9697.32       147969
       131072         6400       198.37     10571.26        80652
       262144         3200       450.52      9309.76        35514
       524288         1600       813.43     10312.03        19669
      1048576          800      2877.10      5830.74         5561
      2097152          400      7299.07      4596.39         2192
      4194304          200     11570.63      5781.65         1378

#----------------------------------------------------------------
# Benchmarking Stencil3D (2 x 2 x 4)
# #processes = 16
#----------------------------------------------------------------
       #bytes #repetitions      t[usec]   Mbytes/sec      Msg/sec
            0       100000        14.76         0.00      1083783
            1       100000        14.74         1.09      1085676
            2       100000        14.59         2.19      1096315
            4       100000        14.71         4.35      1087878
            8       100000        14.54         8.81      1100667
           16       100000        14.71        17.41      1088004
           32       100000        14.94        34.27      1070810
           64       100000        15.36        66.66      1041529
          128       100000        16.41       124.80       974972
          256       100000        17.96       228.12       891084
          512       100000        19.96       410.41       801584
         1024       100000        22.80       718.70       701853
         2048       100000        24.69      1327.00       647951
         4096       100000        27.29      2401.21       586233
         8192       100000        32.32      4055.15       495013
        16384        51200        42.51      6166.23       376357
        32768        25600        61.11      8578.71       261801
        65536        12800       104.37     10046.02       153290
       131072         6400       222.81      9410.09        71793
       262144         3200       413.20     10150.48        38721
       524288         1600       761.55     11014.09        21008
      1048576          800      2885.23      5813.93         5545
      2097152          400      6693.89      4957.51         2364
      4194304          200     10843.47      6184.66         1475


# All processes entering MPI_Finalize

