#------------------------------------------------------------
#    Intel(R) MPI Benchmarks 2019 Update 6, IMB-P2P part
#------------------------------------------------------------
# Date                  : Tue Nov  3 16:18:08 2020
# Machine               : x86_64
# System                : Linux
# Release               : 4.18.0-193.19.1.el8_2.x86_64
# Version               : #1 SMP Wed Aug 26 15:29:02 EDT 2020
# MPI Version           : 3.1
# MPI Thread Environment:
#
# Calling sequence was:
#
# IMB-P2P
#
# List of Benchmarks to run:
#
# PingPong
# PingPing
# Unirandom
# Birandom
# Corandom
# Stencil2D
# Stencil3D
#
# Minimum message length in bytes:   0
# Maximum message length in bytes:   4194304
#

#----------------------------------------------------------------
# Benchmarking PingPong
# #processes = 448
#----------------------------------------------------------------
       #bytes #repetitions      t[usec]   Mbytes/sec      Msg/sec
            0       100000       602.52         0.00       357448
            1       100000       607.63         0.35       346432
            2       100000       607.80         0.70       351773
            4       100000       605.69         1.40       349599
            8       100000       603.89         2.85       356231
           16       100000       603.35         5.67       354219
           32       100000       605.51        11.33       354159
           64       100000       605.08        22.66       354075
          128       100000       588.01        45.41       354784
          256       100000       575.85        93.56       365451
          512       100000       498.55       190.29       371657
         1024       100000       489.79       394.29       385047
         2048       100000       528.30       758.63       370426
         4096       100000       494.09      1608.79       392770
         8192       100000       501.78      3142.28       383579
        16384        51200      1146.78      2981.01       181947
        32768        25600      1297.24      5136.78       156762
        65536        12800      1440.43      8934.54       136330
       131072         6400      1381.27     16091.81       122771
       262144         3200      3979.63     13497.19        51488
       524288         1600      5936.37     18398.20        35092
      1048576          800     12108.87     17496.83        16686
      2097152          400     25719.80     15279.19         7286
      4194304          200     49294.49     16237.84         3871

#----------------------------------------------------------------
# Benchmarking PingPing
# #processes = 448
#----------------------------------------------------------------
       #bytes #repetitions      t[usec]   Mbytes/sec      Msg/sec
            0       100000      1172.88         0.00       362474
            1       100000      1168.74         0.36       363974
            2       100000      1171.26         0.73       364550
            4       100000      1166.63         1.45       361264
            8       100000      1170.81         2.91       363837
           16       100000      1170.58         5.80       362499
           32       100000      1170.95        11.52       360031
           64       100000      1164.14        23.48       366878
          128       100000      1122.42        47.91       374290
          256       100000      1050.67       102.65       400980
          512       100000      1033.36       208.70       407608
         1024       100000      1080.69       397.86       388536
         2048       100000      1075.26       796.66       388994
         4096       100000       756.46      2118.75       517273
         8192       100000       778.70      4142.12       505630
        16384        51200      1475.40      4530.03       276491
        32768        25600      1554.40      8445.19       257727
        65536        12800      2360.14     11119.22       169666
       131072         6400      4708.92      9646.79        73599
       262144         3200      5678.70     19307.60        73653
       524288         1600     11729.86     17767.43        33889
      1048576          800     22355.72     13305.33        12689
      2097152          400     42942.32     12511.26         5966
      4194304          200     82640.39     15329.27         3655

#----------------------------------------------------------------
# Benchmarking Unirandom
# #processes = 448
#----------------------------------------------------------------
       #bytes #repetitions      t[usec]   Mbytes/sec      Msg/sec
            0       100000       371.28         0.00      1206588
            1       100000       389.20         1.15      1150968
            2       100000       374.53         2.39      1196110
            4       100000       378.99         4.73      1181995
            8       100000       367.95         9.74      1217465
           16       100000       386.11        18.56      1160211
           32       100000       376.81        38.04      1188888
           64       100000       383.21        74.82      1169049
          128       100000       376.98       152.11      1188361
          256       100000       385.65       297.38      1161635
          512       100000       507.80       451.69       882199
         1024       100000       485.80       944.28       922150
         2048       100000       493.34      1859.66       908036
         4096       100000       524.05      3501.50       854858
         8192       100000       521.50      7037.28       859043
        16384        51200       798.35      9193.37       561119
        32768        25600      1387.43     10579.58       322863
        65536        12800      2247.16     13062.98       199325
       131072         6400      4414.28     13297.38       101451
       262144         3200      4578.79     25640.35        97810
       524288         1600      6760.60     34719.61        66222
      1048576          800     12115.69     38731.71        36937
      2097152          400     23558.22     39789.66        18973
      4194304          200     46589.47     40185.85         9581

#----------------------------------------------------------------
# Benchmarking Birandom
# #processes = 448
#----------------------------------------------------------------
       #bytes #repetitions      t[usec]   Mbytes/sec      Msg/sec
            0       100000       381.19         0.00      1175236
            1       100000       375.06         1.19      1194452
            2       100000       381.62         2.35      1173917
            4       100000       372.61         4.81      1202312
            8       100000       366.67         9.77      1221800
           16       100000       377.69        18.98      1186144
           32       100000       367.60        39.00      1218645
           64       100000       381.88        75.08      1173109
          128       100000       374.78       153.01      1195362
          256       100000       385.52       297.48      1162031
          512       100000       498.79       459.86       898158
         1024       100000       514.39       891.82       870919
         2048       100000       518.37      1769.95       864235
         4096       100000       519.93      3529.29       861644
         8192       100000       538.72      6812.40       831591
        16384        51200       784.39      9357.34       571127
        32768        25600      1269.63     11561.92       352842
        65536        12800      2191.93     13393.21       204364
       131072         6400      4283.95     13704.66       104558
       262144         3200      3909.75     30029.25       114553
       524288         1600      6149.51     38169.62        72803
      1048576          800     11329.58     41419.65        39501
      2097152          400     22344.08     41962.20        20009
      4194304          200     45097.82     41497.15         9894

#----------------------------------------------------------------
# Benchmarking Corandom
# #processes = 448
#----------------------------------------------------------------
       #bytes #repetitions      t[usec]   Mbytes/sec      Msg/sec
            0       100000       479.56         0.00       934005
            1       100000       483.95         0.93       925698
            2       100000       472.04         1.90       948863
            4       100000       468.34         3.83       956549
            8       100000       488.18         7.34       917678
           16       100000       481.30        14.89       930805
           32       100000       474.65        30.20       943833
           64       100000       480.46        59.68       932424
          128       100000       482.55       118.83       928392
          256       100000       474.37       241.76       944393
          512       100000       342.03       670.61      1309783
         1024       100000       365.08      1256.56      1227112
         2048       100000       354.99      2584.53      1261980
         4096       100000       343.40      5343.41      1304543
         8192       100000       338.81     10830.38      1322067
        16384        51200       663.34     11064.83       675344
        32768        25600      1156.25     12695.54       387437
        65536        12800      1434.60     20461.76       312222
       131072         6400      2904.47     20211.10       154198
       262144         3200      2668.67     43998.45       167841
       524288         1600      4755.66     49335.44        94100
      1048576          800      9518.84     49281.51        46999
      2097152          400     18846.96     49741.62        23719
      4194304          200     36815.10     50806.12        12113

#----------------------------------------------------------------
# Benchmarking Stencil2D (16 x 28)
# #processes = 448
#----------------------------------------------------------------
       #bytes #repetitions      t[usec]   Mbytes/sec      Msg/sec
            0       100000       897.91         0.00       498903
            1       100000       895.79         0.50       500090
            2       100000       898.69         1.00       498471
            4       100000       895.22         2.00       500422
            8       100000       899.09         3.99       498251
           16       100000       895.91         8.00       500024
           32       100000       897.13        15.98       499347
           64       100000       896.18        31.99       499872
          128       100000       887.16        64.64       504965
          256       100000       585.54       195.86       765077
          512       100000       426.96       537.23      1049271
         1024       100000       428.12      1071.47      1046353
         2048       100000       467.02      1964.49       959222
         4096       100000       539.10      3403.80       831005
         8192       100000       528.29      6946.84       848003
        16384        51200       895.97      8191.71       499982
        32768        25600      1158.40     12671.41       386701
        65536        12800      1045.22     28084.11       428530
       131072         6400      1848.64     31747.46       242214
       262144         3200      2564.10     45759.44       174558
       524288         1600      4380.63     53493.59       102031
      1048576          800     20218.61     23139.52        22068
      2097152          400     38853.56     24061.23        11473
      4194304          200     69378.37     26879.42         6409

#----------------------------------------------------------------
# Benchmarking Stencil3D (7 x 8 x 8)
# #processes = 448
#----------------------------------------------------------------
       #bytes #repetitions      t[usec]   Mbytes/sec      Msg/sec
            0       100000       576.47         0.00       777103
            1       100000       571.34         0.78       784101
            2       100000       570.08         1.57       785829
            4       100000       571.12         3.14       784416
            8       100000       568.49         6.30       788028
           16       100000       570.94        12.55       784643
           32       100000       572.11        25.06       783061
           64       100000       572.24        50.10       782852
          128       100000       588.55        97.43       761173
          256       100000       445.39       257.50      1005841
          512       100000       342.73       669.25      1307126
         1024       100000       337.24      1360.21      1328330
         2048       100000       309.81      2961.43      1446011
         4096       100000       257.17      7135.18      1741987
         8192       100000       215.20     17053.85      2081769
        16384        51200       604.48     12142.48       741118
        32768        25600       751.59     19531.13       596043
        65536        12800       925.69     31714.21       483920
       131072         6400      1250.65     46943.61       358151
       262144         3200      1928.42     60880.55       232241
       524288         1600      3449.47     68013.92       129726
      1048576          800     15993.67     29256.57        27901
      2097152          400     30898.98     30297.82        14447
      4194304          200     52637.46     35541.79         8474


# All processes entering MPI_Finalize

