#------------------------------------------------------------
#    Intel(R) MPI Benchmarks 2019 Update 6, IMB-P2P part
#------------------------------------------------------------
# Date                  : Wed Nov  4 09:23:44 2020
# Machine               : x86_64
# System                : Linux
# Release               : 4.18.0-193.19.1.el8_2.x86_64
# Version               : #1 SMP Wed Aug 26 15:29:02 EDT 2020
# MPI Version           : 3.1
# MPI Thread Environment:
#
# Calling sequence was:
#
# IMB-P2P
#
# List of Benchmarks to run:
#
# PingPong
# PingPing
# Unirandom
# Birandom
# Corandom
# Stencil2D
# Stencil3D
#
# Minimum message length in bytes:   0
# Maximum message length in bytes:   4194304
#

#----------------------------------------------------------------
# Benchmarking PingPong
# #processes = 448
#----------------------------------------------------------------
       #bytes #repetitions      t[usec]   Mbytes/sec      Msg/sec
            0       100000         7.11         0.00     30858516
            1       100000         6.87        30.34     30337644
            2       100000         6.72        65.89     32946026
            4       100000         6.72       131.77     32943484
            8       100000         6.72       264.25     33031292
           16       100000         6.83       519.78     32485995
           32       100000         6.86      1033.35     32292343
           64       100000         6.95      2039.81     31872050
          128       100000         7.43      3810.20     29767202
          256       100000         7.78      7088.70     27690226
          512       100000         8.04     13876.88     27103272
         1024       100000         8.35     26959.04     26327187
         2048       100000         9.56     47138.32     23016760
         4096       100000        16.36     55217.94     13480943
         8192       100000        26.45     68310.51      8338685
        16384        51200        50.94     70913.87      4328239
        32768        25600       100.23     72123.77      2201043
        65536        12800       294.33     49492.61       755197
       131072         6400       516.52     56167.95       428527
       262144         3200      1002.28     58063.70       221495
       524288         1600      2161.13     53635.72       102302
      1048576          800      4220.06     54026.37        51524
      2097152          400      8428.09     54932.73        26194
      4194304          200     16527.95     54289.63        12944

#----------------------------------------------------------------
# Benchmarking PingPing
# #processes = 448
#----------------------------------------------------------------
       #bytes #repetitions      t[usec]   Mbytes/sec      Msg/sec
            0       100000         8.13         0.00     54371376
            1       100000         8.28        49.00     49002517
            2       100000         8.16       106.86     53431181
            4       100000         8.23       205.50     51375964
            8       100000         8.16       432.20     54024839
           16       100000         8.31       854.43     53401927
           32       100000         8.52      1545.36     48292628
           64       100000         8.63      3122.55     48789872
          128       100000         9.03      6279.87     49061517
          256       100000         9.70     11644.84     45487642
          512       100000        10.27     22083.84     43132507
         1024       100000        11.51     39226.87     38307494
         2048       100000        15.14     60001.71     29297712
         4096       100000        27.39     66240.56     16172011
         8192       100000        50.95     71261.95      8698968
        16384        51200        98.51     73972.23      4514907
        32768        25600       194.29     75127.52      2292710
        65536        12800       383.99     76244.35      1163397
       131072         6400       870.48     67023.63       511350
       262144         3200      1631.11     71616.89       273197
       524288         1600      3149.70     74016.99       141176
      1048576          800      6493.36     71673.47        68353
      2097152          400     13386.99     69171.42        32984
      4194304          200     26975.63     68179.53        16255

#----------------------------------------------------------------
# Benchmarking Unirandom
# #processes = 448
#----------------------------------------------------------------
       #bytes #repetitions      t[usec]   Mbytes/sec      Msg/sec
            0       100000        11.88         0.00     37696508
            1       100000        11.77        38.06     38057846
            2       100000        11.71        76.48     38241409
            4       100000        11.70       153.12     38279226
            8       100000        11.70       306.34     38293042
           16       100000        11.77       609.16     38072566
           32       100000        11.91      1204.11     37628352
           64       100000        12.01      2386.79     37293607
          128       100000        12.80      4479.05     34992558
          256       100000        14.59      7858.74     30698203
          512       100000        34.31      6684.72     13056084
         1024       100000        17.12     26794.01     26166029
         2048       100000        20.43     44914.87     21931090
         4096       100000        34.54     53133.50     12972046
         8192       100000        61.10     60066.49      7332336
        16384        51200       111.74     65688.32      4009297
        32768        25600       234.39     62627.93      1911253
        65536        12800       514.93     57013.19       869952
       131072         6400      1133.00     51820.28       395357
       262144         3200      2239.35     52430.92       200008
       524288         1600      4464.17     52587.18       100302
      1048576          800      8897.19     52739.08        50296
      2097152          400     17827.23     52594.98        25079
      4194304          200     35823.67     52205.08        12447

#----------------------------------------------------------------
# Benchmarking Birandom
# #processes = 448
#----------------------------------------------------------------
       #bytes #repetitions      t[usec]   Mbytes/sec      Msg/sec
            0       100000        10.90         0.00     41114471
            1       100000        10.61        42.22     42224452
            2       100000        10.66        84.08     42040833
            4       100000        10.62       168.66     42165067
            8       100000        10.63       337.16     42145389
           16       100000        10.89       658.01     41125385
           32       100000        11.57      1239.25     38726486
           64       100000        11.13      2576.66     40260245
          128       100000        11.80      4859.58     37965431
          256       100000        13.39      8565.82     33460249
          512       100000        14.13     16235.32     31709614
         1024       100000        15.71     29192.28     28508089
         2048       100000        19.38     47338.27     23114390
         4096       100000        34.30     53505.55     13062879
         8192       100000        59.19     61998.40      7568164
        16384        51200       112.70     65128.91      3975153
        32768        25600       235.77     62262.19      1900091
        65536        12800       554.36     52959.71       808101
       131072         6400      1135.04     51727.69       394651
       262144         3200      2248.25     52224.49       199221
       524288         1600      4443.87     52829.74       100765
      1048576          800      8825.25     53180.45        50717
      2097152          400     17619.58     53220.76        25378
      4194304          200     35445.40     52787.30        12585

#----------------------------------------------------------------
# Benchmarking Corandom
# #processes = 448
#----------------------------------------------------------------
       #bytes #repetitions      t[usec]   Mbytes/sec      Msg/sec
            0       100000        10.59         0.00     42295303
            1       100000        10.52        42.59     42591823
            2       100000        10.50        85.37     42684721
            4       100000        10.56       169.70     42424359
            8       100000        10.45       342.83     42853311
           16       100000        10.67       671.82     41988553
           32       100000        10.70      1339.31     41853317
           64       100000        10.95      2618.18     40909119
          128       100000        11.66      4918.73     38427587
          256       100000        12.31      9317.84     36397828
          512       100000        13.54     16946.12     33097886
         1024       100000        13.47     34059.62     33261347
         2048       100000        16.62     55213.95     26959935
         4096       100000        29.65     61888.00     15109374
         8192       100000        51.77     70888.00      8653320
        16384        51200       103.60     70847.89      4324212
        32768        25600       220.65     66528.89      2030301
        65536        12800       485.42     60479.12       922838
       131072         6400       992.89     59135.46       451168
       262144         3200      1928.80     60876.62       232226
       524288         1600      3823.23     61414.69       117139
      1048576          800      7604.78     61724.97        58866
      2097152          400     15166.56     61877.10        29505
      4194304          200     30528.97     61447.04        14650

#----------------------------------------------------------------
# Benchmarking Stencil2D (16 x 28)
# #processes = 448
#----------------------------------------------------------------
       #bytes #repetitions      t[usec]   Mbytes/sec      Msg/sec
            0       100000         4.45         0.00    100777849
            1       100000         4.47       100.23    100226359
            2       100000         4.44       202.02    101007820
            4       100000         4.42       405.35    101338168
            8       100000         4.46       803.72    100465439
           16       100000         4.47      1602.41    100150854
           32       100000         4.59      3120.97     97530376
           64       100000         4.69      6118.99     95609191
          128       100000         4.96     11551.11     90243023
          256       100000         5.10     22487.11     87840282
          512       100000         5.56     41254.87     80575921
         1024       100000         5.96     76919.75     75116946
         2048       100000         7.22    126996.10     62009813
         4096       100000        13.80    132966.74     32462582
         8192       100000        25.77    142386.40     17381153
        16384        51200        50.30    145916.38      8906029
        32768        25600       100.69    145791.04      4449190
        65536        12800       217.82    134763.80      2056332
       131072         6400       446.30    131426.99      1002708
       262144         3200       891.92    131619.94       502090
       524288         1600      1829.14    128307.71       244728
      1048576          800      3670.01    127764.21       121845
      2097152          400      7200.17    130082.52        62028
      4194304          200     13971.99    133999.45        31948

#----------------------------------------------------------------
# Benchmarking Stencil3D (7 x 8 x 8)
# #processes = 448
#----------------------------------------------------------------
       #bytes #repetitions      t[usec]   Mbytes/sec      Msg/sec
            0       100000         5.33         0.00     84027023
            1       100000         6.33        70.74     70744174
            2       100000         4.79       186.95     93474627
            4       100000         4.78       374.86     93714580
            8       100000         4.78       750.54     93817212
           16       100000         4.87      1470.94     91933761
           32       100000         4.96      2892.35     90386073
           64       100000         5.05      5681.30     88770344
          128       100000         5.38     10663.96     83312158
          256       100000         5.59     20532.44     80204841
          512       100000         5.72     40100.06     78320420
         1024       100000         6.57     69866.63     68229134
         2048       100000         8.06    113789.49     55561273
         4096       100000        14.60    125700.19     30688524
         8192       100000        27.75    132243.97     16143062
        16384        51200        55.07    133280.93      8134822
        32768        25600       113.83    128955.93      3935423
        65536        12800       246.88    118915.29      1814503
       131072         6400       517.09    113533.33       866191
       262144         3200      1046.97    112119.79       427703
       524288         1600      2109.19    111232.10       212158
      1048576          800      4099.45    114395.05       109096
      2097152          400      7974.88    117549.81        56052
      4194304          200     15671.58    119382.65        28463


# All processes entering MPI_Finalize

