#------------------------------------------------------------
#    Intel(R) MPI Benchmarks 2019 Update 6, IMB-P2P part
#------------------------------------------------------------
# Date                  : Tue Nov  3 21:42:04 2020
# Machine               : x86_64
# System                : Linux
# Release               : 4.18.0-193.19.1.el8_2.x86_64
# Version               : #1 SMP Wed Aug 26 15:29:02 EDT 2020
# MPI Version           : 3.1
# MPI Thread Environment:
#
# Calling sequence was:
#
# IMB-P2P
#
# List of Benchmarks to run:
#
# PingPong
# PingPing
# Unirandom
# Birandom
# Corandom
# Stencil2D
# Stencil3D
#
# Minimum message length in bytes:   0
# Maximum message length in bytes:   4194304
#

#----------------------------------------------------------------
# Benchmarking PingPong
# #processes = 448
#----------------------------------------------------------------
       #bytes #repetitions      t[usec]   Mbytes/sec      Msg/sec
            0       100000         7.07         0.00     31269947
            1       100000         6.72        32.96     32957261
            2       100000         6.71        66.07     33034563
            4       100000         6.71       132.17     33042198
            8       100000         6.72       263.98     32997642
           16       100000         6.83       519.52     32470302
           32       100000         6.87      1028.86     32151963
           64       100000         6.94      2044.57     31946478
          128       100000         7.42      3828.79     29912410
          256       100000         7.81      7267.10     28387118
          512       100000         8.10     14006.53     27356497
         1024       100000         8.34     27182.29     26545208
         2048       100000         9.54     47539.96     23212871
         4096       100000        16.20     55728.60     13605615
         8192       100000        26.19     68988.23      8421415
        16384        51200        50.56     71489.38      4363365
        32768        25600        99.75     72579.00      2214935
        65536        12800       294.13     49574.74       756450
       131072         6400       516.96     56263.92       429260
       262144         3200      1008.39     57732.46       220232
       524288         1600      2156.35     53645.24       102320
      1048576          800      4213.29     54002.07        51500
      2097152          400      8440.91     54810.19        26136
      4194304          200     16559.26     54235.35        12931

#----------------------------------------------------------------
# Benchmarking PingPing
# #processes = 448
#----------------------------------------------------------------
       #bytes #repetitions      t[usec]   Mbytes/sec      Msg/sec
            0       100000         8.12         0.00     54739589
            1       100000         8.15        54.68     54683493
            2       100000         8.25        99.11     49552505
            4       100000         8.36       197.31     49327745
            8       100000         8.18       429.78     53722197
           16       100000         8.42       764.28     47767627
           32       100000         8.35      1667.75     52117293
           64       100000         8.50      3328.97     52015219
          128       100000         9.01      6299.32     49213418
          256       100000         9.69     11744.03     45875118
          512       100000        10.25     22202.35     43363965
         1024       100000        11.48     39620.37     38691768
         2048       100000        15.13     60023.67     29308430
         4096       100000        27.44     66432.08     16218770
         8192       100000        50.98     71358.06      8710701
        16384        51200        98.50     73475.29      4484576
        32768        25600       194.17     75381.29      2300454
        65536        12800       384.05     76126.44      1161597
       131072         6400       871.10     66856.93       510078
       262144         3200      1633.67     71537.61       272894
       524288         1600      3148.55     74291.99       141701
      1048576          800      6505.37     71572.98        68257
      2097152          400     13356.71     69530.74        33155
      4194304          200     26961.68     68714.27        16383

#----------------------------------------------------------------
# Benchmarking Unirandom
# #processes = 448
#----------------------------------------------------------------
       #bytes #repetitions      t[usec]   Mbytes/sec      Msg/sec
            0       100000        12.32         0.00     36366434
            1       100000        12.92        34.68     34676158
            2       100000        11.80        75.92     37962029
            4       100000        11.75       152.45     38112921
            8       100000        11.65       307.69     38460994
           16       100000        11.83       606.12     37882441
           32       100000        11.92      1202.33     37572909
           64       100000        12.11      2367.78     36996531
          128       100000        12.87      4454.46     34800507
          256       100000        14.59      7861.66     30709618
          512       100000        15.37     14921.88     29144304
         1024       100000        16.74     27399.64     26757457
         2048       100000        20.38     45009.09     21977093
         4096       100000        34.51     53174.55     12982068
         8192       100000        61.74     59446.54      7256658
        16384        51200       111.73     65694.77      4009691
        32768        25600       234.40     62623.87      1911129
        65536        12800       514.95     57009.72       869899
       131072         6400      1138.95     51550.02       393295
       262144         3200      2251.82     52139.04       198895
       524288         1600      4451.33     52733.73       100582
      1048576          800      8878.35     52851.69        50403
      2097152          400     17832.08     52567.38        25066
      4194304          200     35859.59     52152.33        12434

#----------------------------------------------------------------
# Benchmarking Birandom
# #processes = 448
#----------------------------------------------------------------
       #bytes #repetitions      t[usec]   Mbytes/sec      Msg/sec
            0       100000        10.87         0.00     41223701
            1       100000        10.63        42.16     42160095
            2       100000        10.64        84.23     42115503
            4       100000        10.64       168.35     42088066
            8       100000        10.61       337.72     42214379
           16       100000        10.96       653.91     40869408
           32       100000        11.12      1289.13     40285395
           64       100000        11.33      2530.81     39543937
          128       100000        12.11      4735.07     36992758
          256       100000        13.41      8552.32     33407484
          512       100000        14.14     16225.99     31691385
         1024       100000        15.82     28990.85     28311381
         2048       100000        19.37     47370.21     23129985
         4096       100000        33.95     54045.23     13194636
         8192       100000        58.72     62502.70      7629724
        16384        51200       112.19     65421.38      3993004
        32768        25600       281.78     52096.35      1589854
        65536        12800       516.62     56828.03       867127
       131072         6400      1135.95     51686.34       394335
       262144         3200      2247.14     52250.62       199320
       524288         1600      4439.33     52883.58       100867
      1048576          800      8817.16     53228.59        50763
      2097152          400     17665.46     53083.53        25312
      4194304          200     35489.32     52728.27        12571

#----------------------------------------------------------------
# Benchmarking Corandom
# #processes = 448
#----------------------------------------------------------------
       #bytes #repetitions      t[usec]   Mbytes/sec      Msg/sec
            0       100000        10.54         0.00     42518797
            1       100000        10.51        42.64     42640711
            2       100000        10.76        83.30     41650257
            4       100000        10.97       163.33     40833377
            8       100000        10.43       343.69     42961235
           16       100000        10.63       674.40     42150271
           32       100000        10.68      1341.90     41934280
           64       100000        10.91      2627.68     41057427
          128       100000        11.58      4949.89     38670992
          256       100000        12.28      9342.62     36494609
          512       100000        12.51     18336.77     35813995
         1024       100000        13.56     33827.91     33035069
         2048       100000        16.48     55657.14     27176336
         4096       100000        29.56     62068.75     15153503
         8192       100000        51.64     71067.24      8675200
        16384        51200       102.47     71628.88      4371880
        32768        25600       220.79     66485.54      2028978
        65536        12800       489.66     59955.33       914846
       131072         6400       991.29     59229.03       451882
       262144         3200      1944.62     60381.87       230339
       524288         1600      3820.87     61445.93       117199
      1048576          800      7606.18     61718.07        58859
      2097152          400     15166.92     61847.49        29491
      4194304          200     30501.50     61503.91        14664

#----------------------------------------------------------------
# Benchmarking Stencil2D (16 x 28)
# #processes = 448
#----------------------------------------------------------------
       #bytes #repetitions      t[usec]   Mbytes/sec      Msg/sec
            0       100000         4.45         0.00    100753395
            1       100000         4.46       100.35    100354053
            2       100000         4.40       203.52    101760595
            4       100000         4.43       404.51    101128046
            8       100000         4.44       808.03    101003468
           16       100000         4.50      1592.06     99503483
           32       100000         4.57      3135.86     97995538
           64       100000         4.68      6126.86     95732161
          128       100000         4.98     11504.40     89878147
          256       100000         5.11     22437.07     87644802
          512       100000         5.67     40475.66     79054026
         1024       100000         6.17     74298.20     72556839
         2048       100000         7.21    127200.85     62109792
         4096       100000        13.85    132527.99     32355465
         8192       100000        25.54    143695.50     17540954
        16384        51200        50.44    145502.83      8880788
        32768        25600       101.26    144965.07      4423983
        65536        12800       217.26    135109.94      2061614
       131072         6400       446.91    131366.86      1002250
       262144         3200       893.29    131421.49       501333
       524288         1600      1832.23    128086.21       244305
      1048576          800      3667.75    127794.98       121875
      2097152          400      7194.68    130061.98        62018
      4194304          200     14010.31    133500.41        31829

#----------------------------------------------------------------
# Benchmarking Stencil3D (7 x 8 x 8)
# #processes = 448
#----------------------------------------------------------------
       #bytes #repetitions      t[usec]   Mbytes/sec      Msg/sec
            0       100000         4.78         0.00     93633397
            1       100000         4.79        93.55     93545364
            2       100000         4.79       187.18     93592173
            4       100000         4.78       374.91     93727863
            8       100000         4.79       748.90     93612510
           16       100000         4.87      1470.98     91935996
           32       100000         4.95      2895.05     90470286
           64       100000         5.03      5699.10     89048440
          128       100000         5.38     10649.44     83198723
          256       100000         5.59     20510.43     80118859
          512       100000         5.71     40178.00     78472659
         1024       100000         6.68     68684.17     67074383
         2048       100000         8.05    113913.09     55621625
         4096       100000        14.62    125483.41     30635599
         8192       100000        27.73    132361.42     16157400
        16384        51200        55.29    132743.75      8102036
        32768        25600       114.33    128394.46      3918288
        65536        12800       245.13    119761.08      1827409
       131072         6400       516.59    113643.99       867035
       262144         3200      1048.43    111962.95       427105
       524288         1600      2107.58    111335.86       212356
      1048576          800      4113.73    114011.25       108730
      2097152          400      7973.08    117572.10        56063
      4194304          200     15711.80    119155.78        28409


# All processes entering MPI_Finalize

