#------------------------------------------------------------
#    Intel(R) MPI Benchmarks 2019 Update 6, IMB-P2P part
#------------------------------------------------------------
# Date                  : Sun Oct 25 05:33:41 2020
# Machine               : x86_64
# System                : Linux
# Release               : 4.18.0-193.19.1.el8_2.x86_64
# Version               : #1 SMP Wed Aug 26 15:29:02 EDT 2020
# MPI Version           : 3.1
# MPI Thread Environment:
#
# Calling sequence was:
#
# IMB-P2P
#
# List of Benchmarks to run:
#
# PingPong
# PingPing
# Unirandom
# Birandom
# Corandom
# Stencil2D
# Stencil3D
#
# Minimum message length in bytes:   0
# Maximum message length in bytes:   4194304
#

#----------------------------------------------------------------
# Benchmarking PingPong
# #processes = 16
#----------------------------------------------------------------
       #bytes #repetitions      t[usec]   Mbytes/sec      Msg/sec
            0       100000         1.67         0.00      4213212
            1       100000         1.58         4.62      4622875
            2       100000         1.53         9.10      4550386
            4       100000         1.47        18.37      4593355
            8       100000         1.40        36.79      4598248
           16       100000         1.36        78.76      4922392
           32       100000         1.33       165.93      5185182
           64       100000         1.42       301.25      4707023
          128       100000         2.20       384.48      3003753
          256       100000         2.30       729.61      2850043
          512       100000         2.49      1390.70      2716217
         1024       100000         2.91      2413.38      2356820
         2048       100000         3.54      3983.89      1945257
         4096       100000         4.18      6716.99      1639890
         8192       100000         5.53      9876.67      1205648
        16384        51200         7.81     14493.34       884603
        32768        25600        12.30     18491.99       564331
        65536        12800        21.34     21474.81       327680
       131072         6400        40.85     22812.16       174043
       262144         3200        79.16     21391.36        81602
       524288         1600       156.71     19777.35        37722
      1048576          800       305.53     21497.72        20502
      2097152          400       602.35     22632.17        10792
      4194304          200      1182.59     23459.66         5593

#----------------------------------------------------------------
# Benchmarking PingPing
# #processes = 16
#----------------------------------------------------------------
       #bytes #repetitions      t[usec]   Mbytes/sec      Msg/sec
            0       100000         1.37         0.00      9980786
            1       100000         1.48         8.30      8295693
            2       100000         1.55        15.56      7779500
            4       100000         1.64        30.89      7722563
            8       100000         1.69        61.88      7735245
           16       100000         1.79       124.63      7789124
           32       100000         1.88       239.78      7493246
           64       100000         2.03       439.55      6867939
          128       100000         3.06       569.70      4450797
          256       100000         3.10      1179.71      4608251
          512       100000         3.17      2391.89      4671662
         1024       100000         3.50      4158.37      4060911
         2048       100000         4.06      6824.33      3332194
         4096       100000         4.57     12505.34      3053061
         8192       100000         6.15     18237.21      2226222
        16384        51200         8.57     26387.08      1610539
        32768        25600        13.16     36085.63      1101246
        65536        12800        22.78     40841.84       623197
       131072         6400        43.22     44324.49       338169
       262144         3200        90.86     40143.65       153136
       524288         1600       174.70     41893.91        79906
      1048576          800       340.77     42818.26        40835
      2097152          400       673.34     43674.38        20826
      4194304          200      1333.53     44050.23        10502

#----------------------------------------------------------------
# Benchmarking Unirandom
# #processes = 16
#----------------------------------------------------------------
       #bytes #repetitions      t[usec]   Mbytes/sec      Msg/sec
            0       100000         3.01         0.00      5321866
            1       100000         3.02         5.30      5297111
            2       100000         3.04        10.52      5259655
            4       100000         3.05        20.96      5241177
            8       100000         3.07        41.65      5205711
           16       100000         3.08        83.10      5193535
           32       100000         3.08       165.97      5186582
           64       100000         3.30       309.91      4842296
          128       100000         4.80       426.91      3335249
          256       100000         5.05       810.97      3167843
          512       100000         5.48      1494.39      2918736
         1024       100000         6.35      2579.61      2519148
         2048       100000         7.95      4122.78      2013074
         4096       100000         9.71      6747.80      1647411
         8192       100000        17.88      7330.78       894871
        16384        51200        26.19     10009.19       610912
        32768        25600        42.83     12240.24       373543
        65536        12800        74.72     14032.49       214119
       131072         6400       142.62     14702.82       112174
       262144         3200       349.28     12006.91        45803
       524288         1600       653.25     12838.54        24488
      1048576          800      1256.75     13338.03        12720
      2097152          400      2494.77     13427.50         6403
      4194304          200      4988.35     13408.40         3197

#----------------------------------------------------------------
# Benchmarking Birandom
# #processes = 16
#----------------------------------------------------------------
       #bytes #repetitions      t[usec]   Mbytes/sec      Msg/sec
            0       100000         3.75         0.00      4262857
            1       100000         3.77         4.24      4243445
            2       100000         3.77         8.48      4241377
            4       100000         3.79        16.89      4222877
            8       100000         3.87        33.09      4136508
           16       100000         3.80        67.28      4205129
           32       100000         3.83       133.51      4172087
           64       100000         4.06       252.48      3944986
          128       100000         5.46       375.38      2932651
          256       100000         5.73       714.62      2791486
          512       100000         6.19      1322.54      2583082
         1024       100000         7.04      2325.90      2271384
         2048       100000         8.60      3810.79      1860739
         4096       100000        10.32      6352.96      1551015
         8192       100000        18.03      7271.22       887600
        16384        51200        26.85      9763.96       595945
        32768        25600        44.49     11783.69       359610
        65536        12800        79.30     13221.71       201747
       131072         6400       151.36     13854.17       105699
       262144         3200       232.70     18020.81        68744
       524288         1600       427.86     19600.74        37385
      1048576          800       808.32     20740.42        19780
      2097152          400      1592.76     21038.55        10032
      4194304          200      3189.28     20978.92         5002

#----------------------------------------------------------------
# Benchmarking Corandom
# #processes = 16
#----------------------------------------------------------------
       #bytes #repetitions      t[usec]   Mbytes/sec      Msg/sec
            0       100000         2.15         0.00      7444054
            1       100000         2.24         7.13      7127600
            2       100000         2.32        13.81      6907316
            4       100000         2.36        27.06      6765470
            8       100000         2.39        53.58      6697363
           16       100000         2.43       105.44      6589866
           32       100000         2.48       206.50      6453133
           64       100000         2.65       385.92      6029971
          128       100000         3.57       574.38      4487333
          256       100000         3.64      1125.93      4398159
          512       100000         3.72      2199.22      4295354
         1024       100000         4.05      4042.77      3948021
         2048       100000         4.90      6685.87      3264584
         4096       100000         5.82     11265.10      2750267
         8192       100000         8.05     16280.46      1987360
        16384        51200        12.13     21612.21      1319105
        32768        25600        20.59     25457.20       776892
        65536        12800        37.95     27628.88       421583
       131072         6400        67.72     30969.42       236278
       262144         3200       108.56     38632.38       147371
       524288         1600       204.89     40932.25        78072
      1048576          800       395.70     42382.40        40419
      2097152          400       770.79     43498.96        20742
      4194304          200      1529.72     43821.99        10448

#----------------------------------------------------------------
# Benchmarking Stencil2D (4 x 4)
# #processes = 16
#----------------------------------------------------------------
       #bytes #repetitions      t[usec]   Mbytes/sec      Msg/sec
            0       100000         0.99         0.00     16177177
            1       100000         0.98        16.32     16323962
            2       100000         0.98        32.60     16301535
            4       100000         0.99        64.92     16231101
            8       100000         0.99       129.74     16217532
           16       100000         0.99       259.87     16241967
           32       100000         0.98       521.03     16282153
           64       100000         1.04       983.59     15368524
          128       100000         1.47      1397.77     10920094
          256       100000         1.55      2637.12     10301245
          512       100000         1.59      5136.18     10031603
         1024       100000         1.73      9450.46      9228967
         2048       100000         2.19     14993.89      7321238
         4096       100000         2.95     22209.68      5422286
         8192       100000         4.68     28018.02      3420169
        16384        51200         7.07     37077.13      2263008
        32768        25600        14.84     35334.97      1078338
        65536        12800        27.48     38154.64       582194
       131072         6400        50.65     41401.09       315865
       262144         3200       103.21     40634.15       155007
       524288         1600       203.55     41204.95        78592
      1048576          800       401.13     41811.10        39874
      2097152          400       803.09     41755.40        19911
      4194304          200      1602.15     41834.00         9974

#----------------------------------------------------------------
# Benchmarking Stencil3D (2 x 2 x 4)
# #processes = 16
#----------------------------------------------------------------
       #bytes #repetitions      t[usec]   Mbytes/sec      Msg/sec
            0       100000         0.90         0.00     17827510
            1       100000         0.89        17.90     17897920
            2       100000         0.90        35.68     17840692
            4       100000         0.90        71.27     17818050
            8       100000         0.90       142.63     17828591
           16       100000         0.90       284.18     17761021
           32       100000         0.90       569.16     17786169
           64       100000         0.95      1076.31     16817307
          128       100000         1.32      1553.54     12137052
          256       100000         1.38      2960.90     11566001
          512       100000         1.47      5577.98     10894493
         1024       100000         1.58     10350.95     10108352
         2048       100000         1.95     16773.38      8190127
         4096       100000         2.54     25822.76      6304385
         8192       100000         4.09     32018.33      3908487
        16384        51200         6.97     37611.61      2295630
        32768        25600        12.70     41283.03      1259858
        65536        12800        24.95     42019.13       641161
       131072         6400        45.66     45925.25       350382
       262144         3200        98.37     42635.08       162640
       524288         1600       193.95     43241.99        82478
      1048576          800       386.80     43355.43        41347
      2097152          400       780.89     42930.63        20471
      4194304          200      1725.97     38840.21         9260


# All processes entering MPI_Finalize

