#------------------------------------------------------------
#    Intel(R) MPI Benchmarks 2019 Update 6, IMB-P2P part
#------------------------------------------------------------
# Date                  : Fri Oct 23 21:04:13 2020
# Machine               : x86_64
# System                : Linux
# Release               : 4.18.0-193.19.1.el8_2.x86_64
# Version               : #1 SMP Wed Aug 26 15:29:02 EDT 2020
# MPI Version           : 3.1
# MPI Thread Environment:
#
# Calling sequence was:
#
# IMB-P2P
#
# List of Benchmarks to run:
#
# PingPong
# PingPing
# Unirandom
# Birandom
# Corandom
# Stencil2D
# Stencil3D
#
# Minimum message length in bytes:   0
# Maximum message length in bytes:   4194304
#

#----------------------------------------------------------------
# Benchmarking PingPong
# #processes = 16
#----------------------------------------------------------------
       #bytes #repetitions      t[usec]   Mbytes/sec      Msg/sec
            0       100000        19.19         0.00       363377
            1       100000        18.21         0.37       372439
            2       100000        18.67         0.74       367735
            4       100000        18.28         1.49       372054
            8       100000        18.21         2.97       371555
           16       100000        18.20         5.94       371228
           32       100000        18.28        11.86       370524
           64       100000        18.29        23.74       370877
          128       100000        19.14        45.36       354338
          256       100000        19.24        90.44       353277
          512       100000        22.53       158.16       308909
         1024       100000        22.95       310.42       303147
         2048       100000        24.64       582.51       284428
         4096       100000        28.21      1011.52       246953
         8192       100000        32.77      1721.62       210159
        16384        51200        48.86      2387.30       145709
        32768        25600        66.75      3476.59       106097
        65536        12800       103.11      4444.25        67814
       131072         6400       178.30      5180.36        39523
       262144         3200       239.76      8041.63        30676
       524288         1600       366.89     10610.18        20237
      1048576          800       616.34     12695.19        12107
      2097152          400      1090.33     14274.21         6806
      4194304          200      1961.10     15699.28         3743

#----------------------------------------------------------------
# Benchmarking PingPing
# #processes = 16
#----------------------------------------------------------------
       #bytes #repetitions      t[usec]   Mbytes/sec      Msg/sec
            0       100000        19.97         0.00       665682
            1       100000        19.62         0.69       685607
            2       100000        19.68         1.36       681685
            4       100000        19.62         2.74       685676
            8       100000        19.63         5.49       686420
           16       100000        19.61        10.92       682507
           32       100000        20.35        21.87       683430
           64       100000        20.20        43.76       683818
          128       100000        21.16        84.21       657866
          256       100000        21.32       166.84       651722
          512       100000        24.77       291.29       568923
         1024       100000        25.24       571.40       558010
         2048       100000        26.30      1104.90       539503
         4096       100000        29.61      1966.92       480206
         8192       100000        34.97      3345.94       408440
        16384        51200        54.24      4243.40       258997
        32768        25600        80.85      6126.61       186969
        65536        12800       140.46      7081.36       108053
       131072         6400       273.83      6898.76        52633
       262144         3200       287.51     13716.87        52326
       524288         1600       488.68     16207.21        30913
      1048576          800       883.21     18044.30        17208
      2097152          400      1588.70     20354.89         9706
      4194304          200      3045.67     21277.86         5073

#----------------------------------------------------------------
# Benchmarking Unirandom
# #processes = 16
#----------------------------------------------------------------
       #bytes #repetitions      t[usec]   Mbytes/sec      Msg/sec
            0       100000        46.25         0.00       345965
            1       100000        45.62         0.35       350730
            2       100000        45.56         0.70       351199
            4       100000        45.58         1.40       350996
            8       100000        45.52         2.81       351507
           16       100000        45.54         5.62       351298
           32       100000        45.72        11.20       349981
           64       100000        45.74        22.39       349813
          128       100000        48.01        42.66       333291
          256       100000        48.47        84.50       330065
          512       100000        55.88       146.61       286346
         1024       100000        56.96       287.64       280897
         2048       100000        60.21       544.25       265746
         4096       100000        67.35       973.11       237575
         8192       100000        76.45      1714.52       209293
        16384        51200       121.80      2152.16       131358
        32768        25600       179.07      2927.71        89347
        65536        12800       291.17      3600.87        54945
       131072         6400       531.14      3947.57        30118
       262144         3200      1227.44      3416.64        13033
       524288         1600      1814.42      4621.81         8815
      1048576          800      2946.21      5689.15         5426
      2097152          400      5215.37      6424.13         3063
      4194304          200      9696.53      6897.67         1645

#----------------------------------------------------------------
# Benchmarking Birandom
# #processes = 16
#----------------------------------------------------------------
       #bytes #repetitions      t[usec]   Mbytes/sec      Msg/sec
            0       100000        43.36         0.00       368993
            1       100000        43.55         0.37       367375
            2       100000        43.55         0.73       367409
            4       100000        43.60         1.47       366948
            8       100000        43.56         2.94       367345
           16       100000        43.58         5.87       367118
           32       100000        43.77        11.70       365568
           64       100000        43.78        23.39       365429
          128       100000        45.56        44.95       351160
          256       100000        45.90        89.24       348605
          512       100000        55.07       148.74       290517
         1024       100000        56.16       291.75       284914
         2048       100000        59.98       546.30       266748
         4096       100000        67.46       971.53       237189
         8192       100000        79.68      1645.04       200811
        16384        51200       129.83      2019.18       123241
        32768        25600       194.54      2694.91        82242
        65536        12800       325.01      3226.09        49226
       131072         6400       601.51      3486.22        26598
       262144         3200      1057.34      3966.18        15130
       524288         1600      1609.40      5210.48         9938
      1048576          800      2658.16      6306.54         6014
      2097152          400      4829.40      6938.25         3308
      4194304          200      9279.74      7207.90         1718

#----------------------------------------------------------------
# Benchmarking Corandom
# #processes = 16
#----------------------------------------------------------------
       #bytes #repetitions      t[usec]   Mbytes/sec      Msg/sec
            0       100000        24.48         0.00       653540
            1       100000        24.29         0.66       658668
            2       100000        24.36         1.31       656867
            4       100000        24.33         2.63       657703
            8       100000        24.34         5.26       657419
           16       100000        24.30        10.53       658348
           32       100000        24.41        20.98       655471
           64       100000        24.46        41.86       654096
          128       100000        25.70        79.69       622557
          256       100000        25.86       158.41       618804
          512       100000        30.01       273.00       533196
         1024       100000        30.68       534.01       521490
         2048       100000        33.38       981.63       479312
         4096       100000        37.54      1745.62       426176
         8192       100000        44.08      2973.36       362960
        16384        51200        69.76      3757.95       229367
        32768        25600       115.49      4539.50       138535
        65536        12800       167.93      6243.57        95269
       131072         6400       313.42      6690.79        51047
       262144         3200       408.67     10262.44        39148
       524288         1600       636.63     13175.65        25131
      1048576          800      1082.45     15493.05        14775
      2097152          400      1919.33     17478.50         8334
      4194304          200      4482.26     14914.20         3556

#----------------------------------------------------------------
# Benchmarking Stencil2D (4 x 4)
# #processes = 16
#----------------------------------------------------------------
       #bytes #repetitions      t[usec]   Mbytes/sec      Msg/sec
            0       100000        13.89         0.00      1151874
            1       100000        13.68         1.17      1169553
            2       100000        14.13         2.26      1132426
            4       100000        13.66         4.68      1171195
            8       100000        13.66         9.37      1171250
           16       100000        13.64        18.76      1172680
           32       100000        13.78        37.16      1161256
           64       100000        13.69        74.79      1168624
          128       100000        13.80       148.45      1159740
          256       100000        13.86       295.43      1154025
          512       100000        16.63       492.50       961921
         1024       100000        16.85       972.58       949786
         2048       100000        17.93      1827.38       892275
         4096       100000        19.83      3305.68       807050
         8192       100000        23.30      5624.61       686597
        16384        51200        44.26      5922.19       361462
        32768        25600        80.58      6506.15       198552
        65536        12800       136.36      7689.66       117335
       131072         6400       282.36      7426.18        56657
       262144         3200       306.36     13690.32        52224
       524288         1600       514.71     16295.65        31081
      1048576          800       867.13     19345.34        18449
      2097152          400      1682.45     19940.14         9508
      4194304          200      4123.10     16261.59         3877

#----------------------------------------------------------------
# Benchmarking Stencil3D (2 x 2 x 4)
# #processes = 16
#----------------------------------------------------------------
       #bytes #repetitions      t[usec]   Mbytes/sec      Msg/sec
            0       100000        13.19         0.00      1212665
            1       100000        12.88         1.24      1241853
            2       100000        12.87         2.49      1243610
            4       100000        12.88         4.97      1242326
            8       100000        12.87         9.95      1243592
           16       100000        12.86        19.91      1244615
           32       100000        12.95        39.54      1235505
           64       100000        12.97        78.95      1233632
          128       100000        13.51       151.61      1184431
          256       100000        13.69       299.19      1168725
          512       100000        15.54       526.99      1029271
         1024       100000        16.58       988.28       965116
         2048       100000        18.16      1804.17       880944
         4096       100000        21.89      2993.86       730924
         8192       100000        26.78      4894.11       597425
        16384        51200        46.45      5643.74       344466
        32768        25600        74.17      7068.33       215708
        65536        12800       129.57      8092.47       123481
       131072         6400       252.14      8316.45        63449
       262144         3200       287.31     14596.73        55682
       524288         1600       498.59     16821.44        32084
      1048576          800       967.89     17326.79        16524
      2097152          400      1989.02     16864.01         8041
      4194304          200      5132.57     13030.73         3107


# All processes entering MPI_Finalize

