#------------------------------------------------------------
#    Intel(R) MPI Benchmarks 2019 Update 6, IMB-P2P part
#------------------------------------------------------------
# Date                  : Tue Nov  3 21:58:49 2020
# Machine               : x86_64
# System                : Linux
# Release               : 4.18.0-193.19.1.el8_2.x86_64
# Version               : #1 SMP Wed Aug 26 15:29:02 EDT 2020
# MPI Version           : 3.1
# MPI Thread Environment:
#
# Calling sequence was:
#
# IMB-P2P
#
# List of Benchmarks to run:
#
# PingPong
# PingPing
# Unirandom
# Birandom
# Corandom
# Stencil2D
# Stencil3D
#
# Minimum message length in bytes:   0
# Maximum message length in bytes:   4194304
#

#----------------------------------------------------------------
# Benchmarking PingPong
# #processes = 448
#----------------------------------------------------------------
       #bytes #repetitions      t[usec]   Mbytes/sec      Msg/sec
            0       100000      1325.41         0.00       127307
            1       100000      1593.13         0.12       124117
            2       100000      1594.79         0.25       124482
            4       100000      1712.87         0.50       123940
            8       100000      1705.07         0.99       124163
           16       100000      1719.05         1.98       123843
           32       100000      1712.58         4.01       125260
           64       100000      1728.45         7.94       124066
          128       100000      1612.03        17.02       132958
          256       100000      1618.19        33.87       132307
          512       100000      1680.54        64.16       125304
         1024       100000      1687.96       127.28       124299
         2048       100000      1725.05       247.20       120701
         4096       100000      1793.06       491.09       119895
         8192       100000      1901.70       923.09       112682
        16384        51200      3501.88      1001.00        61096
        32768        25600      5170.61      1379.09        42087
        65536        12800      5543.34      2535.73        38692
       131072         6400      6006.83      4658.66        35543
       262144         3200     11631.05      4795.80        18295
       524288         1600     12884.44      8142.40        15530
      1048576          800     22732.58      9161.02         8737
      2097152          400     44957.03      9133.46         4355
      4194304          200     99158.23      8243.84         1965

#----------------------------------------------------------------
# Benchmarking PingPing
# #processes = 448
#----------------------------------------------------------------
       #bytes #repetitions      t[usec]   Mbytes/sec      Msg/sec
            0       100000      2534.22         0.00       172411
            1       100000      2535.70         0.17       172101
            2       100000      2536.98         0.34       172091
            4       100000      2531.24         0.69       172110
            8       100000      2529.81         1.37       171817
           16       100000      2529.32         2.76       172197
           32       100000      2534.62         5.50       171785
           64       100000      2539.74        11.00       171871
          128       100000      2377.60        23.45       183229
          256       100000      2370.81        47.07       183882
          512       100000      2453.07        90.57       176889
         1024       100000      2485.76       178.68       174488
         2048       100000      2544.50       349.62       170714
         4096       100000      2528.92       705.80       172314
         8192       100000      2731.46      1298.17       158468
        16384        51200      4907.41      1432.70        87445
        32768        25600      5299.68      2627.06        80171
        65536        12800      7707.33      3375.00        51498
       131072         6400     14886.75      3493.21        26651
       262144         3200     15595.79      6868.92        26203
       524288         1600     22132.78      8612.99        16428
      1048576          800     39484.27      9930.04         9470
      2097152          400     84312.11      9487.96         4524
      4194304          200    174160.70      7801.31         1860

#----------------------------------------------------------------
# Benchmarking Unirandom
# #processes = 448
#----------------------------------------------------------------
       #bytes #repetitions      t[usec]   Mbytes/sec      Msg/sec
            0       100000       671.21         0.00       667371
            1       100000       673.80         0.66       664819
            2       100000       668.18         1.34       670414
            4       100000       652.62         2.75       686383
            8       100000       675.64         5.30       663013
           16       100000       667.07        10.74       671544
           32       100000       657.24        21.81       681550
           64       100000       674.81        42.48       663826
          128       100000       664.37        86.30       674251
          256       100000       679.97       168.66       658835
          512       100000       576.39       397.90       777153
         1024       100000       556.76       823.94       804627
         2048       100000       581.12      1578.68       770840
         4096       100000       578.97      3169.29       773751
         8192       100000       596.28      6154.00       751220
        16384        51200      1064.49      6895.03       420839
        32768        25600      2318.43      6330.98       193206
        65536        12800      4012.01      7316.08       111635
       131072         6400     12558.19      4674.77        35666
       262144         3200      5667.32     20714.41        79019
       524288         1600     10959.97     21410.90        40838
      1048576          800     18338.95     25579.45        24394
      2097152          400     33026.46     28368.12        13527
      4194304          200     65212.03     28676.11         6837

#----------------------------------------------------------------
# Benchmarking Birandom
# #processes = 448
#----------------------------------------------------------------
       #bytes #repetitions      t[usec]   Mbytes/sec      Msg/sec
            0       100000       508.21         0.00       881487
            1       100000       512.45         0.87       874162
            2       100000       497.40         1.80       900630
            4       100000       512.98         3.49       873289
            8       100000       503.13         7.12       890405
           16       100000       505.27        14.19       886595
           32       100000       512.13        27.99       874727
           64       100000       513.61        55.82       872211
          128       100000       518.23       110.65       864415
          256       100000       509.60       225.04       879057
          512       100000       553.47       414.43       809429
         1024       100000       561.02       817.65       798491
         2048       100000       565.60      1622.12       792050
         4096       100000       563.04      3259.04       795664
         8192       100000       590.67      6213.24       758452
        16384        51200       950.76      7719.91       471186
        32768        25600      1607.56      9131.46       278670
        65536        12800      2942.41      9977.01       152237
       131072         6400      5741.38     10225.50        78014
       262144         3200      4888.05     24019.41        91627
       524288         1600      8764.36     26781.61        51082
      1048576          800     15664.22     29964.51        28576
      2097152          400     29072.23     32255.74        15381
      4194304          200     58354.87     32029.76         7636

#----------------------------------------------------------------
# Benchmarking Corandom
# #processes = 448
#----------------------------------------------------------------
       #bytes #repetitions      t[usec]   Mbytes/sec      Msg/sec
            0       100000       893.12         0.00       501584
            1       100000       896.55         0.50       499629
            2       100000       892.71         1.00       501837
            4       100000       895.02         2.00       500486
            8       100000       891.83         4.02       502251
           16       100000       893.03         8.03       501633
           32       100000       892.46        16.06       501934
           64       100000       895.72        32.01       500097
          128       100000       895.37        64.04       500334
          256       100000       902.08       127.12       496546
          512       100000       667.79       343.46       670828
         1024       100000       669.44       685.19       669135
         2048       100000       671.56      1365.96       666974
         4096       100000       662.92      2768.02       675787
         8192       100000       677.10      5419.72       661587
        16384        51200      1169.21      6277.17       383128
        32768        25600      2011.01      7298.68       222738
        65536        12800      4394.08      6680.45       101936
       131072         6400     34018.82      1726.01        13168
       262144         3200      4742.72     24758.05        94444
       524288         1600      7277.51     32257.17        61526
      1048576          800     11690.41     40123.38        38265
      2097152          400     21247.56     44055.37        21007
      4194304          200     39838.68     47033.67        11214

#----------------------------------------------------------------
# Benchmarking Stencil2D (16 x 28)
# #processes = 448
#----------------------------------------------------------------
       #bytes #repetitions      t[usec]   Mbytes/sec      Msg/sec
            0       100000      1171.26         0.00       382474
            1       100000      1169.83         0.38       382938
            2       100000      1170.77         0.77       382621
            4       100000      1170.62         1.53       382692
            8       100000      1171.83         3.06       382286
           16       100000      1170.81         6.12       382624
           32       100000      1170.87        12.24       382604
           64       100000      1170.01        24.50       382881
          128       100000      1179.35        48.62       379844
          256       100000      1070.10       107.17       418636
          512       100000      1183.38       193.82       378550
         1024       100000      1144.67       400.75       391360
         2048       100000      1091.31       840.72       410508
         4096       100000      1301.74      1409.60       344142
         8192       100000      1281.14      2864.52       349673
        16384        51200      3295.82      2226.78       135912
        32768        25600      6753.27      2173.37        66326
        65536        12800     12285.86      2388.95        36452
       131072         6400     18139.10      3236.60        24693
       262144         3200     10146.10     11561.28        44103
       524288         1600     25458.83      9206.08        17559
      1048576          800     39530.45     11862.12        11313
      2097152          400     66759.48     13998.50         6675
      4194304          200    107981.60     17211.23         4103

#----------------------------------------------------------------
# Benchmarking Stencil3D (7 x 8 x 8)
# #processes = 448
#----------------------------------------------------------------
       #bytes #repetitions      t[usec]   Mbytes/sec      Msg/sec
            0       100000       823.93         0.00       543724
            1       100000       825.91         0.54       542426
            2       100000       824.50         1.09       543342
            4       100000       826.87         2.17       541786
            8       100000       827.19         4.33       541580
           16       100000       827.15         8.67       541608
           32       100000       824.53        17.39       543319
           64       100000       824.72        34.76       543189
          128       100000       834.39        68.72       536895
          256       100000       708.02       161.98       632718
          512       100000       860.82       266.45       520418
         1024       100000       849.24       540.18       527515
         2048       100000       818.52      1120.88       547306
         4096       100000       891.00      2059.41       502786
         8192       100000       887.86      4133.46       504573
        16384        51200      1360.68      5394.08       329228
        32768        25600      4738.19      3097.10        94516
        65536        12800     10887.07      2696.19        41141
       131072         6400     16610.85      3533.34        26957
       262144         3200      5575.08     21054.53        80317
       524288         1600     18387.71     12757.08        24332
      1048576          800     28399.03     16467.17        15704
      2097152          400     44330.95     21132.33        10077
      4194304          200     74576.65     24965.71         5952


# All processes entering MPI_Finalize

