#------------------------------------------------------------
#    Intel(R) MPI Benchmarks 2019 Update 6, IMB-P2P part
#------------------------------------------------------------
# Date                  : Sat Oct 24 00:29:22 2020
# Machine               : x86_64
# System                : Linux
# Release               : 4.18.0-193.19.1.el8_2.x86_64
# Version               : #1 SMP Wed Aug 26 15:29:02 EDT 2020
# MPI Version           : 3.1
# MPI Thread Environment:
#
# Calling sequence was:
#
# IMB-P2P
#
# List of Benchmarks to run:
#
# PingPong
# PingPing
# Unirandom
# Birandom
# Corandom
# Stencil2D
# Stencil3D
#
# Minimum message length in bytes:   0
# Maximum message length in bytes:   4194304
#

#----------------------------------------------------------------
# Benchmarking PingPong
# #processes = 16
#----------------------------------------------------------------
       #bytes #repetitions      t[usec]   Mbytes/sec      Msg/sec
            0       100000         1.62         0.00      4233407
            1       100000         1.57         4.72      4716115
            2       100000         1.54         9.63      4814055
            4       100000         1.49        19.39      4847595
            8       100000         1.45        38.80      4850229
           16       100000         1.39        77.47      4842148
           32       100000         1.35       160.89      5027818
           64       100000         1.42       299.16      4674441
          128       100000         2.19       380.73      2974476
          256       100000         2.24       722.38      2821805
          512       100000         2.41      1390.98      2716756
         1024       100000         2.81      2382.75      2326908
         2048       100000         3.43      3957.28      1932267
         4096       100000         4.04      6705.64      1637119
         8192       100000         5.31      9897.71      1208216
        16384        51200         7.43     14519.55       886203
        32768        25600        11.74     18749.00       572174
        65536        12800        20.42     21135.20       322498
       131072         6400        40.27     18060.20       137788
       262144         3200        76.30     19885.21        75856
       524288         1600       146.76     22081.29        42117
      1048576          800       289.40     22364.05        21328
      2097152          400       574.28     22674.81        10812
      4194304          200      1131.19     23614.69         5630

#----------------------------------------------------------------
# Benchmarking PingPing
# #processes = 16
#----------------------------------------------------------------
       #bytes #repetitions      t[usec]   Mbytes/sec      Msg/sec
            0       100000         1.31         0.00     10017992
            1       100000         1.39         8.87      8873623
            2       100000         1.48        16.42      8211023
            4       100000         1.60        31.46      7864624
            8       100000         1.67        63.63      7954022
           16       100000         1.74       124.14      7758732
           32       100000         1.83       244.04      7626104
           64       100000         1.98       434.20      6784317
          128       100000         2.96       568.37      4440376
          256       100000         3.03      1172.37      4579565
          512       100000         3.12      2320.58      4532388
         1024       100000         3.50      4067.04      3971714
         2048       100000         3.97      6924.92      3381311
         4096       100000         4.44     12407.03      3029060
         8192       100000         5.91     18147.18      2215232
        16384        51200         8.25     26314.98      1606139
        32768        25600        12.70     35889.48      1095260
        65536        12800        21.81     40886.44       623878
       131072         6400        41.49     44270.97       337761
       262144         3200        83.96     39862.27       152063
       524288         1600       160.92     41731.57        79597
      1048576          800       314.90     42495.93        40527
      2097152          400       621.99     43435.68        20712
      4194304          200      1230.95     43923.13        10472

#----------------------------------------------------------------
# Benchmarking Unirandom
# #processes = 16
#----------------------------------------------------------------
       #bytes #repetitions      t[usec]   Mbytes/sec      Msg/sec
            0       100000         2.94         0.00      5441300
            1       100000         2.95         5.42      5421964
            2       100000         2.93        10.91      5454746
            4       100000         2.93        21.88      5469958
            8       100000         2.96        43.26      5407593
           16       100000         2.97        86.05      5378212
           32       100000         2.98       172.03      5375992
           64       100000         3.19       321.48      5023172
          128       100000         4.61       444.06      3469222
          256       100000         4.90       835.24      3262662
          512       100000         5.34      1535.33      2998700
         1024       100000         6.13      2671.14      2608535
         2048       100000         7.63      4296.31      2097806
         4096       100000         9.36      7005.02      1710210
         8192       100000        17.24      7601.46       927912
        16384        51200        25.18     10411.68       635478
        32768        25600        41.03     12776.48       389907
        65536        12800        72.13     14535.20       221790
       131072         6400       136.05     15411.58       117581
       262144         3200       331.09     12666.30        48318
       524288         1600       633.44     13240.40        25254
      1048576          800      1221.23     13727.10        13091
      2097152          400      2432.23     13771.57         6567
      4194304          200      4834.61     13830.26         3297

#----------------------------------------------------------------
# Benchmarking Birandom
# #processes = 16
#----------------------------------------------------------------
       #bytes #repetitions      t[usec]   Mbytes/sec      Msg/sec
            0       100000         3.61         0.00      4428944
            1       100000         3.64         4.39      4393915
            2       100000         3.64         8.80      4399193
            4       100000         3.64        17.57      4392613
            8       100000         3.65        35.11      4388421
           16       100000         3.66        69.91      4369105
           32       100000         3.68       139.30      4353261
           64       100000         3.87       264.35      4130402
          128       100000         5.24       391.07      3055249
          256       100000         5.46       749.68      2928449
          512       100000         5.86      1396.89      2728305
         1024       100000         6.71      2439.95      2382768
         2048       100000         8.23      3981.57      1944128
         4096       100000         9.85      6653.27      1624333
         8192       100000        17.31      7571.96       924312
        16384        51200        26.64      9839.79       600573
        32768        25600        43.21     12132.45       370253
        65536        12800        75.84     13826.03       210969
       131072         6400       144.83     14479.08       110467
       262144         3200       215.73     19439.39        74155
       524288         1600       402.76     20823.58        39718
      1048576          800       778.82     21527.29        20530
      2097152          400      1547.38     21652.46        10325
      4194304          200      3078.56     21704.85         5175

#----------------------------------------------------------------
# Benchmarking Corandom
# #processes = 16
#----------------------------------------------------------------
       #bytes #repetitions      t[usec]   Mbytes/sec      Msg/sec
            0       100000         2.05         0.00      7813273
            1       100000         2.17         7.39      7389068
            2       100000         2.27        14.08      7040480
            4       100000         2.38        26.86      6716193
            8       100000         2.43        52.58      6572458
           16       100000         2.50       102.36      6397707
           32       100000         2.55       201.02      6281910
           64       100000         2.69       381.31      5958046
          128       100000         3.56       574.83      4490852
          256       100000         3.55      1154.93      4511465
          512       100000         3.59      2282.37      4457753
         1024       100000         3.89      4207.46      4108844
         2048       100000         4.68      6995.50      3415771
         4096       100000         5.56     11796.41      2879982
         8192       100000         7.92     16554.89      2020860
        16384        51200        12.00     21837.09      1332830
        32768        25600        20.36     25744.80       785669
        65536        12800        37.55     27921.08       426042
       131072         6400        67.45     31089.74       237196
       262144         3200       106.91     39227.06       149639
       524288         1600       204.29     41051.29        78299
      1048576          800       393.28     42636.16        40661
      2097152          400       764.93     43821.30        20896
      4194304          200      1511.81     44301.70        10562

#----------------------------------------------------------------
# Benchmarking Stencil2D (4 x 4)
# #processes = 16
#----------------------------------------------------------------
       #bytes #repetitions      t[usec]   Mbytes/sec      Msg/sec
            0       100000         0.94         0.00     16972373
            1       100000         0.94        17.01     17010700
            2       100000         0.94        33.94     16970290
            4       100000         0.94        67.96     16989212
            8       100000         0.95       135.11     16888887
           16       100000         0.94       271.24     16952753
           32       100000         0.95       539.68     16864875
           64       100000         0.99      1035.40     16178107
          128       100000         1.28      1604.23     12533014
          256       100000         1.36      3022.57     11806914
          512       100000         1.44      5672.78     11079645
         1024       100000         1.60     10266.14     10025524
         2048       100000         1.99     16470.72      8042344
         4096       100000         2.54     25752.44      6287217
         8192       100000         4.05     32355.91      3949696
        16384        51200         6.66     39356.19      2402111
        32768        25600        12.15     43167.01      1317352
        65536        12800        22.88     45834.42       699378
       131072         6400        54.52     38468.02       293488
       262144         3200        98.61     42529.60       162238
       524288         1600       192.52     43566.54        83097
      1048576          800       405.71     41331.25        39417
      2097152          400       763.99     43880.34        20924
      4194304          200      1564.26     42824.34        10210

#----------------------------------------------------------------
# Benchmarking Stencil3D (2 x 2 x 4)
# #processes = 16
#----------------------------------------------------------------
       #bytes #repetitions      t[usec]   Mbytes/sec      Msg/sec
            0       100000         1.00         0.00     15931880
            1       100000         1.01        15.80     15795196
            2       100000         1.01        31.73     15865914
            4       100000         1.01        63.23     15808711
            8       100000         1.01       127.06     15882530
           16       100000         1.02       250.22     15638560
           32       100000         1.01       505.32     15791252
           64       100000         1.06       966.34     15099070
          128       100000         1.31      1569.16     12259051
          256       100000         1.39      2953.42     11536803
          512       100000         1.44      5685.99     11105457
         1024       100000         1.59     10285.15     10044096
         2048       100000         2.02     16249.44      7934298
         4096       100000         2.64     24799.81      6054641
         8192       100000         3.78     34705.49      4236510
        16384        51200         6.74     38879.71      2373029
        32768        25600        12.45     42101.83      1284846
        65536        12800        23.66     44325.12       676348
       131072         6400        44.05     47608.04       363220
       262144         3200        96.47     43470.02       165825
       524288         1600       191.02     43902.20        83737
      1048576          800       382.82     43802.70        41774
      2097152          400       774.48     43262.36        20629
      4194304          200      1725.91     38820.65         9256


# All processes entering MPI_Finalize

