#------------------------------------------------------------
#    Intel(R) MPI Benchmarks 2019 Update 6, IMB-P2P part
#------------------------------------------------------------
# Date                  : Sun Oct 25 01:51:02 2020
# Machine               : x86_64
# System                : Linux
# Release               : 4.18.0-193.19.1.el8_2.x86_64
# Version               : #1 SMP Wed Aug 26 15:29:02 EDT 2020
# MPI Version           : 3.1
# MPI Thread Environment:
#
# Calling sequence was:
#
# IMB-P2P
#
# List of Benchmarks to run:
#
# PingPong
# PingPing
# Unirandom
# Birandom
# Corandom
# Stencil2D
# Stencil3D
#
# Minimum message length in bytes:   0
# Maximum message length in bytes:   4194304
#

#----------------------------------------------------------------
# Benchmarking PingPong
# #processes = 16
#----------------------------------------------------------------
       #bytes #repetitions      t[usec]   Mbytes/sec      Msg/sec
            0       100000        24.27         0.00       305759
            1       100000        22.84         0.31       312972
            2       100000        22.75         0.63       312532
            4       100000        22.77         1.25       312950
            8       100000        22.80         2.50       312989
           16       100000        22.77         5.00       312618
           32       100000        22.74        10.05       314013
           64       100000        22.84        19.99       312312
          128       100000        23.59        38.72       302524
          256       100000        23.67        77.15       301374
          512       100000        26.87       137.81       269159
         1024       100000        27.38       270.81       264460
         2048       100000        29.03       512.99       250485
         4096       100000        32.38       930.61       227198
         8192       100000        37.02      1602.63       195633
        16384        51200        56.85      2047.77       124986
        32768        25600        78.55      3116.27        95101
        65536        12800       118.42      3996.77        60986
       131072         6400       200.73      4889.66        37305
       262144         3200       278.71      6894.01        26299
       524288         1600       414.88      9291.23        17722
      1048576          800       755.73      9664.03         9216
      2097152          400      1303.10     11310.83         5393
      4194304          200      2206.87     13363.94         3186

#----------------------------------------------------------------
# Benchmarking PingPing
# #processes = 16
#----------------------------------------------------------------
       #bytes #repetitions      t[usec]   Mbytes/sec      Msg/sec
            0       100000        25.45         0.00       495692
            1       100000        25.30         0.51       511900
            2       100000        25.68         1.02       510539
            4       100000        25.82         2.01       503582
            8       100000        25.75         4.12       515591
           16       100000        25.88         8.16       510264
           32       100000        26.34        16.16       505083
           64       100000        26.06        31.53       492613
          128       100000        26.32        63.50       496080
          256       100000        27.32       125.43       489946
          512       100000        30.96       215.11       420132
         1024       100000        31.18       416.88       407106
         2048       100000        32.25       792.71       387063
         4096       100000        35.91      1406.07       343278
         8192       100000        42.11      2435.20       297265
        16384        51200        60.79      3857.21       235426
        32768        25600        88.65      5181.69       158133
        65536        12800       147.15      6401.71        97682
       131072         6400       288.07      5450.64        41585
       262144         3200       340.22      9097.95        34706
       524288         1600       544.15     11309.12        21570
      1048576          800       925.72     14566.92        13892
      2097152          400      1681.20     17371.69         8283
      4194304          200      3136.61     19921.25         4750

#----------------------------------------------------------------
# Benchmarking Unirandom
# #processes = 16
#----------------------------------------------------------------
       #bytes #repetitions      t[usec]   Mbytes/sec      Msg/sec
            0       100000        60.23         0.00       265663
            1       100000        59.89         0.27       267140
            2       100000        59.97         0.53       266816
            4       100000        59.88         1.07       267192
            8       100000        60.01         2.13       266631
           16       100000        59.94         4.27       266941
           32       100000        59.87         8.55       267244
           64       100000        60.14        17.03       266034
          128       100000        62.37        32.83       256510
          256       100000        62.73        65.30       255070
          512       100000        70.14       116.80       228124
         1024       100000        71.17       230.20       224803
         2048       100000        74.83       437.91       213825
         4096       100000        81.88       800.36       195400
         8192       100000        91.25      1436.37       175338
        16384        51200       143.80      1822.94       111264
        32768        25600       207.06      2531.92        77268
        65536        12800       336.16      3118.90        47591
       131072         6400       620.14      3380.84        25794
       262144         3200      1500.68      2794.53        10660
       524288         1600      2217.47      3781.92         7213
      1048576          800      3689.43      4542.72         4332
      2097152          400      6629.00      5054.81         2410
      4194304          200     11498.42      5816.53         1387

#----------------------------------------------------------------
# Benchmarking Birandom
# #processes = 16
#----------------------------------------------------------------
       #bytes #repetitions      t[usec]   Mbytes/sec      Msg/sec
            0       100000        57.85         0.00       276591
            1       100000        57.98         0.28       275935
            2       100000        58.09         0.55       275433
            4       100000        58.03         1.10       275739
            8       100000        58.03         2.21       275731
           16       100000        57.95         4.42       276098
           32       100000        57.97         8.83       276024
           64       100000        58.22        17.59       274797
          128       100000        60.08        34.09       266298
          256       100000        60.39        67.82       264933
          512       100000        71.04       115.31       225219
         1024       100000        72.17       227.03       221705
         2048       100000        76.61       427.73       208851
         4096       100000        83.66       783.35       191247
         8192       100000        95.88      1366.97       166867
        16384        51200       154.34      1698.42       103663
        32768        25600       222.99      2351.03        71748
        65536        12800       367.02      2856.81        43591
       131072         6400       710.02      2953.44        22533
       262144         3200      1328.58      3156.50        12041
       524288         1600      2003.94      4184.71         7982
      1048576          800      3278.06      5114.22         4877
      2097152          400      5909.84      5670.06         2704
      4194304          200     10577.39      6322.40         1507

#----------------------------------------------------------------
# Benchmarking Corandom
# #processes = 16
#----------------------------------------------------------------
       #bytes #repetitions      t[usec]   Mbytes/sec      Msg/sec
            0       100000        34.15         0.00       468483
            1       100000        33.89         0.47       472153
            2       100000        33.98         0.94       470834
            4       100000        33.94         1.89       471452
            8       100000        34.06         3.76       469785
           16       100000        34.02         7.52       470295
           32       100000        33.64        15.22       475632
           64       100000        33.81        30.28       473165
          128       100000        35.24        58.11       454013
          256       100000        35.31       116.00       453111
          512       100000        39.01       209.99       410129
         1024       100000        39.70       412.69       403017
         2048       100000        41.68       786.09       383831
         4096       100000        46.01      1424.23       347713
         8192       100000        51.10      2564.81       313087
        16384        51200        80.31      3264.28       199236
        32768        25600       116.11      4515.34       137797
        65536        12800       190.08      5516.46        84175
       131072         6400       473.98      4423.68        33750
       262144         3200       503.81      8324.66        31756
       524288         1600       930.24      9015.32        17195
      1048576          800      1515.51     11068.54        10556
      2097152          400      3191.33     10509.12         5011
      4194304          200      5727.10     11673.08         2783

#----------------------------------------------------------------
# Benchmarking Stencil2D (4 x 4)
# #processes = 16
#----------------------------------------------------------------
       #bytes #repetitions      t[usec]   Mbytes/sec      Msg/sec
            0       100000        17.72         0.00       902928
            1       100000        17.29         0.93       925248
            2       100000        17.95         1.78       891383
            4       100000        17.68         3.62       904902
            8       100000        17.57         7.28       910382
           16       100000        17.65        14.51       906721
           32       100000        17.58        29.12       910056
           64       100000        17.61        58.16       908772
          128       100000        17.33       118.21       923513
          256       100000        16.58       247.05       965033
          512       100000        21.80       375.73       733850
         1024       100000        22.09       741.58       724195
         2048       100000        23.24      1409.81       688383
         4096       100000        24.75      2648.28       646552
         8192       100000        27.03      4848.62       591873
        16384        51200        49.29      5317.86       324577
        32768        25600        87.03      6024.01       183838
        65536        12800       167.59      6256.63        95469
       131072         6400       262.97      7974.62        60842
       262144         3200       355.58     11795.15        44995
       524288         1600       613.66     13668.51        26071
      1048576          800       934.63     17949.07        17118
      2097152          400      1964.56     17077.27         8143
      4194304          200      4335.31     15470.42         3688

#----------------------------------------------------------------
# Benchmarking Stencil3D (2 x 2 x 4)
# #processes = 16
#----------------------------------------------------------------
       #bytes #repetitions      t[usec]   Mbytes/sec      Msg/sec
            0       100000        16.12         0.00       992663
            1       100000        15.71         1.02      1018617
            2       100000        15.69         2.04      1019488
            4       100000        15.94         4.02      1003877
            8       100000        15.69         8.16      1019796
           16       100000        15.69        16.32      1019707
           32       100000        15.70        32.61      1019204
           64       100000        16.21        63.17       987069
          128       100000        16.24       126.09       985069
          256       100000        16.39       249.94       976340
          512       100000        18.87       434.01       847683
         1024       100000        19.36       846.13       826298
         2048       100000        22.03      1487.20       726174
         4096       100000        26.21      2500.31       610428
         8192       100000        30.34      4319.81       527321
        16384        51200        47.91      5471.80       333972
        32768        25600        77.60      6755.97       206176
        65536        12800       139.49      7516.69       114696
       131072         6400       266.61      7865.44        60009
       262144         3200       315.00     13314.58        50791
       524288         1600       500.72     16749.11        31946
      1048576          800       898.59     18668.13        17803
      2097152          400      1932.99     17352.11         8274
      4194304          200      5481.41     12211.17         2911


# All processes entering MPI_Finalize

