#------------------------------------------------------------
#    Intel(R) MPI Benchmarks 2019 Update 6, IMB-P2P part
#------------------------------------------------------------
# Date                  : Sun Oct 25 04:21:28 2020
# Machine               : x86_64
# System                : Linux
# Release               : 4.18.0-193.19.1.el8_2.x86_64
# Version               : #1 SMP Wed Aug 26 15:29:02 EDT 2020
# MPI Version           : 3.1
# MPI Thread Environment:
#
# Calling sequence was:
#
# IMB-P2P
#
# List of Benchmarks to run:
#
# PingPong
# PingPing
# Unirandom
# Birandom
# Corandom
# Stencil2D
# Stencil3D
#
# Minimum message length in bytes:   0
# Maximum message length in bytes:   4194304
#

#----------------------------------------------------------------
# Benchmarking PingPong
# #processes = 16
#----------------------------------------------------------------
       #bytes #repetitions      t[usec]   Mbytes/sec      Msg/sec
            0       100000        30.19         0.00       236746
            1       100000        29.50         0.24       244977
            2       100000        29.49         0.49       245197
            4       100000        29.52         0.98       244591
            8       100000        29.54         1.96       244742
           16       100000        29.58         3.91       244280
           32       100000        29.65         7.81       244146
           64       100000        29.83        15.50       242243
          128       100000        30.37        30.78       240450
          256       100000        31.27        55.42       216499
          512       100000        35.45        90.70       177146
         1024       100000        38.42       142.54       139198
         2048       100000        42.56       249.40       121776
         4096       100000        48.46       498.75       121764
         8192       100000        60.29       997.71       121791
        16384        51200        94.22      1055.52        64424
        32768        25600       123.02      1351.65        41249
        65536        12800       172.06      2056.34        31377
       131072         6400       247.49      3496.80        26678
       262144         3200       402.23      4339.53        16554
       524288         1600       634.80      6380.09        12169
      1048576          800      1112.50      7420.43         7077
      2097152          400      2072.18      7997.39         3813
      4194304          200      3982.22      8338.17         1988

#----------------------------------------------------------------
# Benchmarking PingPing
# #processes = 16
#----------------------------------------------------------------
       #bytes #repetitions      t[usec]   Mbytes/sec      Msg/sec
            0       100000        31.46         0.00       442604
            1       100000        31.47         0.44       439202
            2       100000        31.54         0.89       444322
            4       100000        31.50         1.76       440464
            8       100000        31.46         3.53       441697
           16       100000        31.48         7.07       442149
           32       100000        31.88        13.65       426654
           64       100000        32.78        25.85       403839
          128       100000        34.57        55.77       435666
          256       100000        37.49       105.11       410595
          512       100000        45.30       179.85       351278
         1024       100000        57.41       285.00       278316
         2048       100000        65.64       498.85       243577
         4096       100000        65.72       995.73       243098
         8192       100000        68.96      1603.09       195690
        16384        51200        99.88      2026.70       123700
        32768        25600       130.66      2736.39        83508
        65536        12800       165.93      5721.22        87299
       131072         6400       267.88      6930.93        52879
       262144         3200       464.79      8686.72        33137
       524288         1600       717.18     11317.85        21587
      1048576          800      1229.60     13313.62        12697
      2097152          400      2203.11     15013.06         7159
      4194304          200      4231.78     15548.01         3707

#----------------------------------------------------------------
# Benchmarking Unirandom
# #processes = 16
#----------------------------------------------------------------
       #bytes #repetitions      t[usec]   Mbytes/sec      Msg/sec
            0       100000        66.19         0.00       241713
            1       100000        66.24         0.24       241548
            2       100000        66.17         0.48       241798
            4       100000        66.15         0.97       241857
            8       100000        66.35         1.93       241132
           16       100000        66.22         3.87       241618
           32       100000        66.52         7.70       240515
           64       100000        66.70        15.35       239862
          128       100000        67.39        30.39       237422
          256       100000        68.30        59.97       234265
          512       100000        78.57       104.26       203634
         1024       100000        81.72       200.47       195775
         2048       100000        88.17       371.62       181455
         4096       100000       100.28       653.53       159552
         8192       100000       125.25      1046.50       127746
        16384        51200       194.38      1348.58        82310
        32768        25600       269.44      1945.74        59379
        65536        12800       391.29      2679.50        40886
       131072         6400       643.60      3257.70        24854
       262144         3200      2049.85      2045.86         7804
       524288         1600      3383.07      2478.86         4728
      1048576          800      5708.64      2936.84         2801
      2097152          400     10567.17      3170.74         1512
      4194304          200     20097.24      3327.09          793

#----------------------------------------------------------------
# Benchmarking Birandom
# #processes = 16
#----------------------------------------------------------------
       #bytes #repetitions      t[usec]   Mbytes/sec      Msg/sec
            0       100000        64.61         0.00       247633
            1       100000        64.78         0.25       246996
            2       100000        64.20         0.50       249219
            4       100000        63.65         1.01       251381
            8       100000        63.64         2.01       251427
           16       100000        63.55         4.03       251764
           32       100000        63.72         8.03       251080
           64       100000        64.24        15.94       249063
          128       100000        64.93        31.54       246425
          256       100000        65.91        62.14       242746
          512       100000        76.87       106.56       208128
         1024       100000        81.44       201.18       196465
         2048       100000        88.05       372.14       181707
         4096       100000       100.32       653.24       159482
         8192       100000       126.31      1037.70       126672
        16384        51200       201.70      1299.69        79327
        32768        25600       276.88      1893.48        57784
        65536        12800       401.88      2608.98        39810
       131072         6400       675.10      3106.19        23698
       262144         3200      1783.27      2351.64         8971
       524288         1600      3010.68      2785.36         5313
      1048576          800      5146.11      3257.41         3107
      2097152          400      9616.89      3484.23         1661
      4194304          200     18675.24      3580.68          854

#----------------------------------------------------------------
# Benchmarking Corandom
# #processes = 16
#----------------------------------------------------------------
       #bytes #repetitions      t[usec]   Mbytes/sec      Msg/sec
            0       100000        35.31         0.00       453087
            1       100000        35.31         0.45       453125
            2       100000        35.48         0.90       450979
            4       100000        35.52         1.80       450396
            8       100000        35.44         3.61       451405
           16       100000        35.40         7.23       451998
           32       100000        35.59        14.39       449603
           64       100000        36.13        28.34       442808
          128       100000        36.29        56.43       440878
          256       100000        36.99       110.72       432516
          512       100000        43.55       188.11       367401
         1024       100000        46.26       354.20       345901
         2048       100000        50.38       650.42       317587
         4096       100000        56.79      1153.95       281725
         8192       100000        70.23      1866.21       227808
        16384        51200       111.30      2355.15       143747
        32768        25600       153.26      3420.87       104397
        65536        12800       220.43      4756.63        72580
       131072         6400       371.61      5642.88        43052
       262144         3200       659.42      6359.80        24261
       524288         1600      1030.41      8140.02        15526
      1048576          800      1746.19      9605.73         9161
      2097152          400      3131.10     10705.40         5105
      4194304          200      5810.88     11534.49         2750

#----------------------------------------------------------------
# Benchmarking Stencil2D (4 x 4)
# #processes = 16
#----------------------------------------------------------------
       #bytes #repetitions      t[usec]   Mbytes/sec      Msg/sec
            0       100000        16.62         0.00       962844
            1       100000        16.26         0.98       983773
            2       100000        15.81         2.02      1012167
            4       100000        15.78         4.06      1013918
            8       100000        15.86         8.07      1008868
           16       100000        15.84        16.17      1010314
           32       100000        15.51        33.02      1031805
           64       100000        15.34        66.75      1043023
          128       100000        16.72       122.52       957209
          256       100000        16.93       241.93       945032
          512       100000        21.21       386.32       754522
         1024       100000        23.12       708.79       692181
         2048       100000        25.14      1303.56       636504
         4096       100000        28.42      2306.24       563048
         8192       100000        32.81      3994.44       487602
        16384        51200        49.24      5323.30       324908
        32768        25600        73.77      7106.67       216878
        65536        12800       129.64      8088.01       123413
       131072         6400       243.02      8628.83        65833
       262144         3200       453.35      9251.13        35290
       524288         1600       838.26     10005.84        19085
      1048576          800      2635.73      6364.78         6070
      2097152          400      4756.71      7029.59         3352
      4194304          200      7832.81      8559.44         2041

#----------------------------------------------------------------
# Benchmarking Stencil3D (2 x 2 x 4)
# #processes = 16
#----------------------------------------------------------------
       #bytes #repetitions      t[usec]   Mbytes/sec      Msg/sec
            0       100000        16.60         0.00       963920
            1       100000        16.72         0.96       956766
            2       100000        16.70         1.92       958155
            4       100000        16.71         3.83       957436
            8       100000        16.71         7.66       957780
           16       100000        16.73        15.30       956277
           32       100000        16.78        30.52       953681
           64       100000        16.88        60.66       947843
          128       100000        16.92       121.07       945821
          256       100000        17.27       237.12       926254
          512       100000        19.30       424.35       828804
         1024       100000        19.70       831.53       812039
         2048       100000        21.79      1503.87       734311
         4096       100000        24.73      2649.53       646858
         8192       100000        29.16      4494.87       548690
        16384        51200        42.79      6125.66       373881
        32768        25600        73.49      7134.41       217725
        65536        12800       128.35      8169.23       124653
       131072         6400       256.68      8169.03        62325
       262144         3200       425.80      9849.46        37573
       524288         1600       792.37     10583.79        20187
      1048576          800      2062.16      8134.12         7757
      2097152          400      3889.56      8624.38         4112
      4194304          200      7771.72      8627.37         2057


# All processes entering MPI_Finalize

