#------------------------------------------------------------
#    Intel(R) MPI Benchmarks 2019 Update 6, IMB-P2P part
#------------------------------------------------------------
# Date                  : Sat Sep 19 15:22:03 2020
# Machine               : x86_64
# System                : Linux
# Release               : 4.18.0-193.19.1.el8_2.x86_64
# Version               : #1 SMP Wed Aug 26 15:29:02 EDT 2020
# MPI Version           : 3.1
# MPI Thread Environment:
#
# Calling sequence was:
#
# IMB-P2P
#
# List of Benchmarks to run:
#
# PingPong
# PingPing
# Unirandom
# Birandom
# Corandom
# Stencil2D
# Stencil3D
#
# Minimum message length in bytes:   0
# Maximum message length in bytes:   4194304
#

#----------------------------------------------------------------
# Benchmarking PingPong
# #processes = 80
#----------------------------------------------------------------
       #bytes #repetitions      t[usec]   Mbytes/sec      Msg/sec
            0       100000        53.25         0.00       606507
            1       100000        52.52         0.61       612023
            2       100000        52.31         1.23       612997
            4       100000        50.88         2.51       627904
            8       100000        52.48         4.90       612121
           16       100000        54.09         9.56       597738
           32       100000        54.01        19.11       597188
           64       100000        59.04        35.62       556557
          128       100000       135.88        34.40       268746
          256       100000       137.86        67.84       264993
          512       100000       125.51       145.00       283210
         1024       100000       112.27       319.37       311887
         2048       100000        58.83      1088.49       531488
         4096       100000        66.10      1918.67       468426
         8192       100000        84.42      3104.54       378972
        16384        51200       319.88      2027.59       123754
        32768        25600       509.02      2551.19        77856
        65536        12800       593.68      4071.34        62124
       131072         6400      1210.38      4114.58        31392
       262144         3200      1863.93      5341.27        20375
       524288         1600      4403.19      4586.48         8748
      1048576          800     10803.69      3771.44         3597
      2097152          400     20829.42      3877.96         1849
      4194304          200     44535.86      3627.07          865

#----------------------------------------------------------------
# Benchmarking PingPing
# #processes = 80
#----------------------------------------------------------------
       #bytes #repetitions      t[usec]   Mbytes/sec      Msg/sec
            0       100000       125.20         0.00       566874
            1       100000       126.42         0.56       562342
            2       100000       121.63         1.16       580970
            4       100000       125.39         2.26       565749
            8       100000       126.03         4.51       563142
           16       100000       124.86         9.08       567551
           32       100000       127.32        17.86       558051
           64       100000       135.72        33.73       526982
          128       100000       325.40        29.97       234146
          256       100000       322.48        60.42       236028
          512       100000       301.92       127.67       249348
         1024       100000       179.79       411.99       402334
         2048       100000       157.32       928.28       453259
         4096       100000       140.51      2035.17       496868
         8192       100000       178.41      3271.57       399362
        16384        51200       387.69      3190.63       194741
        32768        25600       628.81      3930.51       119950
        65536        12800      1334.11      3795.71        57918
       131072         6400      2318.05      4304.54        32841
       262144         3200      4086.23      4949.93        18882
       524288         1600      9966.82      4073.71         7770
      1048576          800     21656.03      3685.51         3515
      2097152          400     45095.40      3554.78         1695
      4194304          200     83438.01      3790.85          904

#----------------------------------------------------------------
# Benchmarking Unirandom
# #processes = 80
#----------------------------------------------------------------
       #bytes #repetitions      t[usec]   Mbytes/sec      Msg/sec
            0       100000        99.81         0.00       801477
            1       100000       101.06         0.79       791619
            2       100000       101.98         1.57       784487
            4       100000       100.08         3.20       799339
            8       100000       103.09         6.21       775998
           16       100000       100.80        12.70       793601
           32       100000        99.12        25.82       807013
           64       100000       100.34        51.03       797288
          128       100000       100.73       101.65       794159
          256       100000        99.86       205.08       801079
          512       100000       102.86       398.19       777722
         1024       100000       102.21       801.50       782714
         2048       100000       108.49      1510.18       737391
         4096       100000       119.59      2739.92       668926
         8192       100000       140.77      4655.45       568293
        16384        51200       338.47      3872.42       236354
        32768        25600       481.66      5442.21       166083
        65536        12800       751.13      6979.10       106493
       131072         6400      1360.30      7706.50        58796
       262144         3200      2070.01     10128.85        38638
       524288         1600      3768.70     11124.57        21218
      1048576          800      7557.89     11090.86        10577
      2097152          400     15325.65     10931.42         5213
      4194304          200     32786.69     10207.11         2434

#----------------------------------------------------------------
# Benchmarking Birandom
# #processes = 80
#----------------------------------------------------------------
       #bytes #repetitions      t[usec]   Mbytes/sec      Msg/sec
            0       100000        90.66         0.00       882352
            1       100000        90.43         0.88       884605
            2       100000        90.05         1.78       888343
            4       100000        90.94         3.52       879687
            8       100000        91.43         7.00       875006
           16       100000        92.76        13.80       862472
           32       100000        91.34        28.03       875875
           64       100000        90.34        56.68       885550
          128       100000        90.56       113.07       883334
          256       100000        89.96       227.64       889229
          512       100000        95.92       427.02       834016
         1024       100000        97.51       840.07       820383
         2048       100000       104.47      1568.21       765726
         4096       100000       115.52      2836.55       692518
         8192       100000       139.31      4704.21       574244
        16384        51200       321.26      4079.85       249014
        32768        25600       468.22      5598.57       170855
        65536        12800       715.83      7323.83       111753
       131072         6400      1279.05      8197.30        62540
       262144         3200      1950.66     10748.52        41002
       524288         1600      3660.79     11452.31        21844
      1048576          800      7443.57     11262.32        10741
      2097152          400     15073.85     11113.78         5299
      4194304          200     30456.31     10994.80         2621

#----------------------------------------------------------------
# Benchmarking Corandom
# #processes = 80
#----------------------------------------------------------------
       #bytes #repetitions      t[usec]   Mbytes/sec      Msg/sec
            0       100000       105.97         0.00       754930
            1       100000       106.56         0.75       750718
            2       100000       103.81         1.54       770608
            4       100000       102.84         3.11       777927
            8       100000       106.02         6.04       754593
           16       100000       108.72        11.77       735807
           32       100000       105.86        24.18       755711
           64       100000       102.77        49.82       778447
          128       100000       108.00        94.81       740740
          256       100000       109.93       186.30       727748
          512       100000       101.13       405.02       791045
         1024       100000       101.11       810.20       791206
         2048       100000       101.61      1612.41       787311
         4096       100000       114.18      2869.88       700655
         8192       100000       126.72      5171.73       631315
        16384        51200       343.43      3816.45       232937
        32768        25600       448.28      5847.51       178452
        65536        12800       723.37      7247.10       110582
       131072         6400      1614.18      6495.38        49556
       262144         3200      1755.51     11941.94        45555
       524288         1600      3874.50     10821.41        20640
      1048576          800      8019.71     10455.67         9971
      2097152          400     18413.98      9102.61         4340
      4194304          200     40930.85      8187.89         1952

#----------------------------------------------------------------
# Benchmarking Stencil2D (8 x 10)
# #processes = 80
#----------------------------------------------------------------
       #bytes #repetitions      t[usec]   Mbytes/sec      Msg/sec
            0       100000        25.27         0.00      3165946
            1       100000        25.22         3.17      3172380
            2       100000        25.29         6.33      3162858
            4       100000        25.38        12.61      3151595
            8       100000        25.45        25.15      3143818
           16       100000        25.88        49.45      3090725
           32       100000        25.80        99.21      3100328
           64       100000        25.33       202.14      3158390
          128       100000        24.11       424.72      3318119
          256       100000        24.00       853.34      3333361
          512       100000        26.67      1535.59      2999191
         1024       100000        27.40      2989.84      2919767
         2048       100000        29.55      5545.10      2707568
         4096       100000        32.52     10077.24      2460264
         8192       100000        38.19     17162.40      2095019
        16384        51200        76.07     17230.27      1051652
        32768        25600       130.40     20102.66       613484
        65536        12800       234.81     22326.06       340669
       131072         6400       476.33     22008.78       167914
       262144         3200       537.20     39023.57       148863
       524288         1600      1048.19     39987.21        76270
      1048576          800      2009.45     41686.12        39755
      2097152          400      4134.70     40474.27        19300
      4194304          200      9503.32     35150.10         8380

#----------------------------------------------------------------
# Benchmarking Stencil3D (4 x 5 x 4)
# #processes = 80
#----------------------------------------------------------------
       #bytes #repetitions      t[usec]   Mbytes/sec      Msg/sec
            0       100000        40.32         0.00      1984011
            1       100000        39.34         2.03      2033589
            2       100000        39.92         4.01      2003771
            4       100000        39.62         8.08      2019047
            8       100000        39.60        16.16      2020141
           16       100000        39.40        32.48      2030233
           32       100000        39.72        64.44      2013903
           64       100000        39.32       130.22      2034643
          128       100000        39.62       258.48      2019363
          256       100000        32.45       631.14      2465396
          512       100000        30.53      1341.60      2620305
         1024       100000        31.75      2580.10      2519627
         2048       100000        33.69      4863.16      2374589
         4096       100000        39.38      8321.25      2031554
         8192       100000        45.96     14258.19      1740502
        16384        51200        95.00     13796.22       842054
        32768        25600       182.19     14387.70       439078
        65536        12800       283.04     18522.44       282630
       131072         6400       549.87     19066.77       145468
       262144         3200       719.31     29150.80       111201
       524288         1600      1577.32     26585.28        50707
      1048576          800      4209.04     19924.32        19001
      2097152          400      8307.54     20179.49         9622
      4194304          200     18051.96     18519.83         4415


# All processes entering MPI_Finalize

