#------------------------------------------------------------
#    Intel(R) MPI Benchmarks 2019 Update 6, IMB-P2P part
#------------------------------------------------------------
# Date                  : Sat Sep 19 13:13:13 2020
# Machine               : x86_64
# System                : Linux
# Release               : 4.18.0-193.19.1.el8_2.x86_64
# Version               : #1 SMP Wed Aug 26 15:29:02 EDT 2020
# MPI Version           : 3.1
# MPI Thread Environment:
#
# Calling sequence was:
#
# IMB-P2P
#
# List of Benchmarks to run:
#
# PingPong
# PingPing
# Unirandom
# Birandom
# Corandom
# Stencil2D
# Stencil3D
#
# Minimum message length in bytes:   0
# Maximum message length in bytes:   4194304
#

#----------------------------------------------------------------
# Benchmarking PingPong
# #processes = 2
#----------------------------------------------------------------
       #bytes #repetitions      t[usec]   Mbytes/sec      Msg/sec
            0       100000        13.88         0.00        72060
            1       100000        13.80         0.07        72477
            2       100000        13.79         0.15        72523
            4       100000        13.78         0.29        72572
            8       100000        13.79         0.58        72496
           16       100000        13.81         1.16        72415
           32       100000        13.84         2.31        72255
           64       100000        14.01         4.57        71355
          128       100000        14.12         9.07        70838
          256       100000        14.18        18.06        70537
          512       100000        15.77        32.47        63423
         1024       100000        16.25        63.01        61536
         2048       100000        17.55       116.69        56977
         4096       100000        20.41       200.68        48993
         8192       100000        25.74       318.21        38845
        16384        51200        60.21       272.10        16608
        32768        25600        63.88       512.94        15654
        65536        12800       104.56       626.77         9564
       131072         6400       125.33      1045.77         7979
       262144         3200       244.43      1072.49         4091
       524288         1600       342.19      1532.15         2922
      1048576          800       544.68      1925.10         1836
      2097152          400      1014.20      2067.72          986
      4194304          200      1963.13      2136.36          509

#----------------------------------------------------------------
# Benchmarking PingPing
# #processes = 2
#----------------------------------------------------------------
       #bytes #repetitions      t[usec]   Mbytes/sec      Msg/sec
            0       100000        35.24         0.00        56757
            1       100000        72.32         0.03        27654
            2       100000        36.81         0.11        54331
            4       100000        34.26         0.23        58375
            8       100000        39.52         0.40        50610
           16       100000        48.66         0.66        41101
           32       100000        46.18         1.39        43307
           64       100000        31.53         4.06        63437
          128       100000        38.88         6.58        51443
          256       100000        43.00        11.91        46514
          512       100000        39.17        26.14        51060
         1024       100000        48.89        41.89        40912
         2048       100000        36.60       111.91        54644
         4096       100000        32.59       251.36        61368
         8192       100000        48.88       335.17        40914
        16384        51200        56.14       583.63        35622
        32768        25600        70.15       934.25        28511
        65536        12800       102.98      1272.78        19421
       131072         6400       129.81      2019.32        15406
       262144         3200       252.44      2076.81         7922
       524288         1600       385.70      2718.66         5185
      1048576          800       630.04      3328.57         3174
      2097152          400      1112.92      3768.66         1797
      4194304          200      2201.20      3810.78          909

#----------------------------------------------------------------
# Benchmarking Unirandom
# #processes = 2
#----------------------------------------------------------------
       #bytes #repetitions      t[usec]   Mbytes/sec      Msg/sec
            0       100000        42.36         0.00        47217
            1       100000        43.40         0.05        46083
            2       100000        42.61         0.09        46938
            4       100000        43.20         0.19        46299
            8       100000        42.74         0.37        46789
           16       100000        42.42         0.75        47150
           32       100000        42.78         1.50        46755
           64       100000        42.84         2.99        46681
          128       100000        43.03         5.95        46475
          256       100000        43.23        11.84        46263
          512       100000        43.22        23.69        46270
         1024       100000        38.45        53.27        52017
         2048       100000        39.21       104.46        51005
         4096       100000        41.80       195.96        47841
         8192       100000        47.03       348.38        42527
        16384        51200        74.27       441.17        26927
        32768        25600        89.96       728.47        22231
        65536        12800       131.34       997.92        15227
       131072         6400       200.59      1306.82         9970
       262144         3200       430.33      1218.34         4648
       524288         1600       634.10      1653.63         3154
      1048576          800      1045.46      2005.96         1913
      2097152          400      1992.00      2105.50         1004
      4194304          200      3911.98      2144.15          511

#----------------------------------------------------------------
# Benchmarking Birandom
# #processes = 2
#----------------------------------------------------------------
       #bytes #repetitions      t[usec]   Mbytes/sec      Msg/sec
            0       100000        32.96         0.00        60673
            1       100000        44.02         0.05        45437
            2       100000        64.35         0.06        31079
            4       100000        30.52         0.26        65524
            8       100000        33.71         0.47        59325
           16       100000        30.00         1.07        66660
           32       100000        40.77         1.57        49058
           64       100000        38.36         3.34        52142
          128       100000        37.60         6.81        53187
          256       100000        56.59         9.05        35341
          512       100000        33.14        30.90        60358
         1024       100000        48.39        42.33        41335
         2048       100000        31.91       128.36        62675
         4096       100000        32.63       251.08        61298
         8192       100000        45.35       361.31        44105
        16384        51200        56.45       580.51        35432
        32768        25600        68.98       950.07        28994
        65536        12800       103.88      1261.70        19252
       131072         6400       147.85      1773.00        13527
       262144         3200       251.21      2087.06         7961
       524288         1600       397.77      2636.11         5028
      1048576          800       676.54      3099.80         2956
      2097152          400      1114.48      3763.45         1795
      4194304          200      2184.50      3840.02          916

#----------------------------------------------------------------
# Benchmarking Corandom
# #processes = 2
#----------------------------------------------------------------
       #bytes #repetitions      t[usec]   Mbytes/sec      Msg/sec
            0       100000        32.59         0.00        61368
            1       100000        30.27         0.07        66076
            2       100000        56.40         0.07        35462
            4       100000        39.98         0.20        50026
            8       100000        41.03         0.39        48749
           16       100000        44.66         0.72        44787
           32       100000        47.60         1.34        42018
           64       100000        27.05         4.73        73926
          128       100000        41.98         6.10        47645
          256       100000        31.20        16.41        64105
          512       100000        40.15        25.50        49812
         1024       100000        33.78        60.63        59212
         2048       100000        40.12       102.10        49856
         4096       100000        53.02       154.50        37720
         8192       100000        48.64       336.82        41116
        16384        51200        54.94       596.38        36400
        32768        25600        70.23       933.14        28477
        65536        12800       101.95      1285.62        19617
       131072         6400       130.21      2013.26        15360
       262144         3200       251.19      2087.18         7962
       524288         1600       386.27      2714.62         5178
      1048576          800       628.58      3336.19         3182
      2097152          400      1112.93      3768.65         1797
      4194304          200      2186.47      3836.51          915

# !! Benchmark Stencil2D is invalid for 2 processes !!

# !! Benchmark Stencil3D is invalid for 2 processes !!


# All processes entering MPI_Finalize

