#------------------------------------------------------------
#    Intel(R) MPI Benchmarks 2019 Update 6, IMB-P2P part
#------------------------------------------------------------
# Date                  : Sat Sep 19 14:08:48 2020
# Machine               : x86_64
# System                : Linux
# Release               : 4.18.0-193.19.1.el8_2.x86_64
# Version               : #1 SMP Wed Aug 26 15:29:02 EDT 2020
# MPI Version           : 3.1
# MPI Thread Environment:
#
# Calling sequence was:
#
# IMB-P2P
#
# List of Benchmarks to run:
#
# PingPong
# PingPing
# Unirandom
# Birandom
# Corandom
# Stencil2D
# Stencil3D
#
# Minimum message length in bytes:   0
# Maximum message length in bytes:   4194304
#

#----------------------------------------------------------------
# Benchmarking PingPong
# #processes = 2
#----------------------------------------------------------------
       #bytes #repetitions      t[usec]   Mbytes/sec      Msg/sec
            0       100000        11.71         0.00        85426
            1       100000        11.69         0.09        85532
            2       100000        11.73         0.17        85231
            4       100000        11.82         0.34        84579
            8       100000        11.82         0.68        84619
           16       100000        11.82         1.35        84610
           32       100000        11.82         2.71        84577
           64       100000        11.86         5.40        84343
          128       100000        12.23        10.47        81784
          256       100000        12.33        20.76        81108
          512       100000        13.94        36.73        71744
         1024       100000        14.26        71.82        70135
         2048       100000        15.51       132.03        64466
         4096       100000        17.81       229.97        56144
         8192       100000        21.34       383.81        46852
        16384        51200        32.38       505.96        30881
        32768        25600        40.89       801.41        24457
        65536        12800        62.74      1044.56        15939
       131072         6400       112.70      1162.99         8873
       262144         3200       155.98      1680.59         6411
       524288         1600       258.41      2028.91         3870
      1048576          800       457.44      2292.24         2186
      2097152          400       844.17      2484.18         1185
      4194304          200      1597.58      2625.10          626

#----------------------------------------------------------------
# Benchmarking PingPing
# #processes = 2
#----------------------------------------------------------------
       #bytes #repetitions      t[usec]   Mbytes/sec      Msg/sec
            0       100000        12.21         0.00       163817
            1       100000        12.26         0.16       163111
            2       100000        12.29         0.33       162796
            4       100000        12.28         0.65       162865
            8       100000        12.29         1.30       162798
           16       100000        12.30         2.60       162649
           32       100000        12.32         5.20       162369
           64       100000        12.35        10.36       161915
          128       100000        12.86        19.90       155461
          256       100000        12.97        39.48       154218
          512       100000        14.60        70.14       136990
         1024       100000        14.90       137.43       134208
         2048       100000        15.68       261.30       127589
         4096       100000        17.89       457.99       111815
         8192       100000        21.84       750.25        91583
        16384        51200        34.97       936.90        57184
        32768        25600        51.84      1264.08        38577
        65536        12800        89.54      1463.74        22335
       131072         6400       198.68      1319.39        10066
       262144         3200       193.24      2713.19        10350
       524288         1600       352.46      2975.01         5674
      1048576          800       644.64      3253.20         3102
      2097152          400      1167.82      3591.52         1713
      4194304          200      2276.29      3685.16          879

#----------------------------------------------------------------
# Benchmarking Unirandom
# #processes = 2
#----------------------------------------------------------------
       #bytes #repetitions      t[usec]   Mbytes/sec      Msg/sec
            0       100000        15.68         0.00       127567
            1       100000        15.75         0.13       126958
            2       100000        15.76         0.25       126937
            4       100000        15.76         0.51       126914
            8       100000        15.74         1.02       127031
           16       100000        15.78         2.03       126740
           32       100000        15.81         4.05       126532
           64       100000        15.91         8.05       125739
          128       100000        16.58        15.44       120595
          256       100000        16.98        30.15       117775
          512       100000        19.63        52.16       101884
         1024       100000        20.07       102.02        99628
         2048       100000        21.69       188.84        92207
         4096       100000        25.00       327.71        80008
         8192       100000        29.73       551.05        67267
        16384        51200        45.43       721.21        44019
        32768        25600        65.34      1002.91        30606
        65536        12800       109.88      1192.85        18201
       131072         6400       206.42      1269.90         9689
       262144         3200       304.50      1721.77         6568
       524288         1600       494.75      2119.39         4042
      1048576          800       886.21      2366.41         2257
      2097152          400      1630.84      2571.76         1226
      4194304          200      3038.93      2760.03          658

#----------------------------------------------------------------
# Benchmarking Birandom
# #processes = 2
#----------------------------------------------------------------
       #bytes #repetitions      t[usec]   Mbytes/sec      Msg/sec
            0       100000        12.22         0.00       163607
            1       100000        12.29         0.16       162736
            2       100000        12.31         0.32       162499
            4       100000        12.27         0.65       163016
            8       100000        12.34         1.30       162012
           16       100000        12.31         2.60       162489
           32       100000        12.34         5.19       162054
           64       100000        12.44        10.29       160721
          128       100000        12.84        19.94       155754
          256       100000        12.97        39.48       154213
          512       100000        14.70        69.65       136031
         1024       100000        15.02       136.33       133131
         2048       100000        15.84       258.62       126277
         4096       100000        18.06       453.50       110717
         8192       100000        22.15       739.66        90291
        16384        51200        34.59       947.39        57824
        32768        25600        47.91      1367.96        41747
        65536        12800        84.72      1547.15        23608
       131072         6400       170.77      1535.09        11712
       262144         3200       208.20      2518.18         9606
       524288         1600       382.98      2737.91         5222
      1048576          800       703.85      2979.51         2841
      2097152          400      1283.05      3269.00         1559
      4194304          200      2507.18      3345.82          798

#----------------------------------------------------------------
# Benchmarking Corandom
# #processes = 2
#----------------------------------------------------------------
       #bytes #repetitions      t[usec]   Mbytes/sec      Msg/sec
            0       100000        12.48         0.00       160212
            1       100000        12.44         0.16       160813
            2       100000        12.49         0.32       160141
            4       100000        12.51         0.64       159871
            8       100000        12.49         1.28       160103
           16       100000        12.50         2.56       160056
           32       100000        12.49         5.12       160118
           64       100000        12.54        10.20       159451
          128       100000        12.91        19.82       154871
          256       100000        13.01        39.37       153779
          512       100000        14.70        69.67       136073
         1024       100000        15.04       136.14       132953
         2048       100000        15.85       258.43       126187
         4096       100000        18.12       452.20       110401
         8192       100000        22.19       738.31        90125
        16384        51200        34.72       943.82        57606
        32768        25600        47.98      1366.02        41688
        65536        12800        84.73      1546.92        23604
       131072         6400       170.79      1534.87        11710
       262144         3200       208.62      2513.05         9587
       524288         1600       383.53      2733.96         5215
      1048576          800       703.49      2981.05         2843
      2097152          400      1275.75      3287.67         1568
      4194304          200      2512.46      3338.74          796

# !! Benchmark Stencil2D is invalid for 2 processes !!

# !! Benchmark Stencil3D is invalid for 2 processes !!


# All processes entering MPI_Finalize

