#------------------------------------------------------------
#    Intel(R) MPI Benchmarks 2019 Update 6, IMB-P2P part
#------------------------------------------------------------
# Date                  : Sat Sep 19 22:10:01 2020
# Machine               : x86_64
# System                : Linux
# Release               : 4.18.0-193.19.1.el8_2.x86_64
# Version               : #1 SMP Wed Aug 26 15:29:02 EDT 2020
# MPI Version           : 3.1
# MPI Thread Environment:
#
# Calling sequence was:
#
# IMB-P2P
#
# List of Benchmarks to run:
#
# PingPong
# PingPing
# Unirandom
# Birandom
# Corandom
# Stencil2D
# Stencil3D
#
# Minimum message length in bytes:   0
# Maximum message length in bytes:   4194304
#

#----------------------------------------------------------------
# Benchmarking PingPong
# #processes = 2
#----------------------------------------------------------------
       #bytes #repetitions      t[usec]   Mbytes/sec      Msg/sec
            0       100000         0.99         0.00      1009534
            1       100000         0.99         1.01      1009859
            2       100000         0.99         2.02      1010278
            4       100000         0.99         4.04      1009788
            8       100000         1.00         7.98       997856
           16       100000         0.99        16.11      1006649
           32       100000         1.05        30.41       950234
           64       100000         1.12        57.37       896430
          128       100000         1.16       110.17       860702
          256       100000         1.39       183.55       716991
          512       100000         1.49       344.35       672552
         1024       100000         1.68       610.50       596193
         2048       100000         2.44       837.75       409058
         4096       100000         3.32      1235.25       301574
         8192       100000         4.64      1764.90       215441
        16384        51200         7.08      2314.18       141246
        32768        25600        11.73      2793.48        85250
        65536        12800        16.69      3927.65        59931
       131072         6400        26.51      4944.95        37727
       262144         3200        49.57      5288.74        20175
       524288         1600        85.52      6130.61        11693
      1048576          800       167.73      6250.84         5961
      2097152          400       318.89      6574.70         3135
      4194304          200       638.31      6567.50         1566

#----------------------------------------------------------------
# Benchmarking PingPing
# #processes = 2
#----------------------------------------------------------------
       #bytes #repetitions      t[usec]   Mbytes/sec      Msg/sec
            0       100000         1.08         0.00      1859546
            1       100000         1.08         1.86      1858862
            2       100000         1.08         3.72      1857776
            4       100000         1.08         7.43      1857494
            8       100000         1.08        14.88      1859430
           16       100000         1.08        29.66      1853732
           32       100000         1.14        56.38      1761890
           64       100000         1.20       106.78      1668504
          128       100000         1.24       206.12      1610300
          256       100000         1.58       324.83      1268878
          512       100000         1.67       611.66      1194642
         1024       100000         1.87      1092.93      1067316
         2048       100000         2.81      1457.96       711896
         4096       100000         3.80      2156.91       526590
         8192       100000         5.04      3251.70       396936
        16384        51200         7.40      4425.41       270106
        32768        25600        12.46      5258.71       160483
        65536        12800        18.02      7273.26       110981
       131072         6400        28.72      9126.44        69629
       262144         3200        53.12      9869.69        37650
       524288         1600        97.15     10793.60        20587
      1048576          800       172.24     12175.83        11612
      2097152          400       321.09     13062.58         6229
      4194304          200       633.25     13246.52         3158

#----------------------------------------------------------------
# Benchmarking Unirandom
# #processes = 2
#----------------------------------------------------------------
       #bytes #repetitions      t[usec]   Mbytes/sec      Msg/sec
            0       100000         1.24         0.00      1619115
            1       100000         1.24         1.62      1618743
            2       100000         1.24         3.23      1616533
            4       100000         1.24         6.46      1615267
            8       100000         1.24        12.93      1616870
           16       100000         1.24        25.81      1613423
           32       100000         1.30        49.23      1538446
           64       100000         1.37        93.47      1460474
          128       100000         1.42       180.04      1406599
          256       100000         1.89       270.24      1055627
          512       100000         2.04       502.55       981548
         1024       100000         2.31       885.59       864832
         2048       100000         5.07       807.48       394275
         4096       100000         6.97      1175.16       286904
         8192       100000         9.49      1727.01       210816
        16384        51200        13.95      2349.66       143412
        32768        25600        22.46      2918.28        89059
        65536        12800        30.74      4264.11        65065
       131072         6400        47.82      5481.50        41821
       262144         3200        89.99      5825.67        22223
       524288         1600       151.43      6924.31        13207
      1048576          800       294.44      7121.65         6792
      2097152          400       565.59      7413.67         3535
      4194304          200      1130.93      7412.93         1767

#----------------------------------------------------------------
# Benchmarking Birandom
# #processes = 2
#----------------------------------------------------------------
       #bytes #repetitions      t[usec]   Mbytes/sec      Msg/sec
            0       100000         1.11         0.00      1805526
            1       100000         1.11         1.80      1804617
            2       100000         1.11         3.61      1804490
            4       100000         1.11         7.21      1803446
            8       100000         1.11        14.42      1802473
           16       100000         1.11        28.82      1801101
           32       100000         1.17        54.65      1707841
           64       100000         1.23       103.65      1619560
          128       100000         1.28       200.14      1563566
          256       100000         1.61       317.73      1241131
          512       100000         1.71       598.88      1169678
         1024       100000         1.91      1074.86      1049667
         2048       100000         2.81      1455.13       710513
         4096       100000         3.84      2134.51       521121
         8192       100000         5.09      3221.21       393214
        16384        51200         7.44      4407.01       268983
        32768        25600        12.48      5249.47       160201
        65536        12800        18.04      7264.71       110851
       131072         6400        28.74      9121.18        69589
       262144         3200        52.75      9938.22        37911
       524288         1600        97.19     10788.65        20578
      1048576          800       172.45     12160.96        11598
      2097152          400       320.47     13087.90         6241
      4194304          200       632.59     13260.64         3162

#----------------------------------------------------------------
# Benchmarking Corandom
# #processes = 2
#----------------------------------------------------------------
       #bytes #repetitions      t[usec]   Mbytes/sec      Msg/sec
            0       100000         1.10         0.00      1820310
            1       100000         1.10         1.82      1820516
            2       100000         1.10         3.64      1820709
            4       100000         1.10         7.28      1820713
            8       100000         1.10        14.58      1822406
           16       100000         1.10        29.04      1815058
           32       100000         1.16        55.17      1724180
           64       100000         1.22       104.59      1634231
          128       100000         1.27       201.68      1575610
          256       100000         1.60       319.31      1247310
          512       100000         1.70       601.47      1174745
         1024       100000         1.91      1074.76      1049569
         2048       100000         2.80      1462.51       714119
         4096       100000         3.84      2132.55       520641
         8192       100000         5.14      3186.67       388997
        16384        51200         7.46      4391.94       268063
        32768        25600        12.46      5261.77       160577
        65536        12800        17.95      7300.82       111402
       131072         6400        29.22      8972.10        68452
       262144         3200        52.56      9975.23        38052
       524288         1600        97.32     10775.02        20552
      1048576          800       172.38     12165.88        11602
      2097152          400       322.65     12999.35         6199
      4194304          200       636.98     13169.01         3140

# !! Benchmark Stencil2D is invalid for 2 processes !!

# !! Benchmark Stencil3D is invalid for 2 processes !!


# All processes entering MPI_Finalize

