#------------------------------------------------------------
#    Intel(R) MPI Benchmarks 2019 Update 6, IMB-P2P part
#------------------------------------------------------------
# Date                  : Sat Sep 19 16:47:31 2020
# Machine               : x86_64
# System                : Linux
# Release               : 4.18.0-193.19.1.el8_2.x86_64
# Version               : #1 SMP Wed Aug 26 15:29:02 EDT 2020
# MPI Version           : 3.1
# MPI Thread Environment:
#
# Calling sequence was:
#
# IMB-P2P
#
# List of Benchmarks to run:
#
# PingPong
# PingPing
# Unirandom
# Birandom
# Corandom
# Stencil2D
# Stencil3D
#
# Minimum message length in bytes:   0
# Maximum message length in bytes:   4194304
#

#----------------------------------------------------------------
# Benchmarking PingPong
# #processes = 80
#----------------------------------------------------------------
       #bytes #repetitions      t[usec]   Mbytes/sec      Msg/sec
            0       100000        40.23         0.00       846361
            1       100000        40.26         0.84       844772
            2       100000        40.31         1.69       843915
            4       100000        40.32         3.37       842869
            8       100000        40.32         6.75       843662
           16       100000        40.32        13.48       842498
           32       100000        40.35        26.96       842345
           64       100000        40.51        53.67       838654
          128       100000        40.56       107.26       837956
          256       100000        40.67       213.94       835710
          512       100000        43.11       402.84       786796
         1024       100000        43.49       800.37       781611
         2048       100000        44.65      1560.72       762070
         4096       100000        48.56      2876.93       702377
         8192       100000        57.78      4991.02       609256
        16384        51200       229.07      1751.90       106927
        32768        25600       928.55       933.28        28481
        65536        12800      1480.79      1244.02        18982
       131072         6400      1893.36      1892.85        14441
       262144         3200      4865.34      1590.70         6068
       524288         1600      6487.11      2248.20         4288
      1048576          800      9569.02      3147.88         3002
      2097152          400     16669.71      3652.33         1742
      4194304          200     30621.83      4098.32          977

#----------------------------------------------------------------
# Benchmarking PingPing
# #processes = 80
#----------------------------------------------------------------
       #bytes #repetitions      t[usec]   Mbytes/sec      Msg/sec
            0       100000       233.19         0.00       225383
            1       100000       215.47         0.24       240764
            2       100000       217.94         0.49       244001
            4       100000       228.17         0.93       232664
            8       100000       212.36         1.98       247651
           16       100000       217.51         3.80       237802
           32       100000       217.19         7.64       238765
           64       100000       202.57        16.56       258799
          128       100000       213.24        31.11       243055
          256       100000       212.52        61.17       238962
          512       100000       165.31       147.96       288978
         1024       100000       281.04       175.28       171174
         2048       100000       215.95       449.74       219601
         4096       100000       179.52      1089.45       265978
         8192       100000       135.78      3066.02       374270
        16384        51200       307.82      2757.33       168294
        32768        25600       777.56      2269.91        69272
        65536        12800      1493.23      2470.71        37700
       131072         6400      2301.74      3267.14        24926
       262144         3200      6334.48      2327.34         8878
       524288         1600      9544.61      3160.88         6029
      1048576          800     16474.37      3711.38         3539
      2097152          400     31692.28      3910.60         1865
      4194304          200     62649.35      3987.46          951

#----------------------------------------------------------------
# Benchmarking Unirandom
# #processes = 80
#----------------------------------------------------------------
       #bytes #repetitions      t[usec]   Mbytes/sec      Msg/sec
            0       100000       136.68         0.00       585307
            1       100000       139.34         0.57       574073
            2       100000       141.57         1.13       565069
            4       100000       139.29         2.30       573941
            8       100000       140.09         4.57       571037
           16       100000       139.61         9.17       573034
           32       100000       141.39        18.11       565817
           64       100000       139.00        36.83       575541
          128       100000       141.78        72.22       564228
          256       100000       142.16       144.06       562750
          512       100000       157.42       260.18       508173
         1024       100000       154.71       529.49       517077
         2048       100000       161.29      1015.76       495979
         4096       100000       172.20      1902.82       464557
         8192       100000       182.69      3587.18       437888
        16384        51200       342.47      3826.74       233566
        32768        25600       495.23      5293.18       161535
        65536        12800       792.65      6613.62       100916
       131072         6400      1483.51      7067.09        53918
       262144         3200      2624.18      7989.79        30479
       524288         1600      4899.00      8557.52        16322
      1048576          800      9962.05      8414.62         8025
      2097152          400     19201.84      8724.44         4160
      4194304          200     38078.42      8784.32         2094

#----------------------------------------------------------------
# Benchmarking Birandom
# #processes = 80
#----------------------------------------------------------------
       #bytes #repetitions      t[usec]   Mbytes/sec      Msg/sec
            0       100000       134.25         0.00       595888
            1       100000       135.36         0.59       591015
            2       100000       135.53         1.18       590267
            4       100000       135.51         2.36       590369
            8       100000       135.55         4.72       590162
           16       100000       138.38         9.25       578124
           32       100000       135.20        18.93       591711
           64       100000       136.70        37.45       585199
          128       100000       136.76        74.88       584972
          256       100000       136.86       149.64       584518
          512       100000       152.89       267.90       523239
         1024       100000       156.52       523.39       511125
         2048       100000       157.55      1039.92       507773
         4096       100000       164.07      1997.14       487584
         8192       100000       172.65      3795.94       463371
        16384        51200       343.06      3820.61       233192
        32768        25600       493.03      5316.83       162257
        65536        12800       780.87      6713.81       102445
       131072         6400      1426.97      7347.63        56058
       262144         3200      2386.20      8786.41        33517
       524288         1600      4656.53      9003.58        17173
      1048576          800      9334.92      8979.90         8564
      2097152          400     19400.74      8635.54         4118
      4194304          200     38898.93      8603.09         2051

#----------------------------------------------------------------
# Benchmarking Corandom
# #processes = 80
#----------------------------------------------------------------
       #bytes #repetitions      t[usec]   Mbytes/sec      Msg/sec
            0       100000        95.74         0.00       835606
            1       100000        91.99         0.87       869616
            2       100000        94.53         1.69       846293
            4       100000       106.03         3.02       754511
            8       100000        94.86         6.75       843297
           16       100000        97.78        13.09       818159
           32       100000        94.50        27.09       846513
           64       100000        92.93        55.09       860856
          128       100000        98.23       104.25       814434
          256       100000        93.08       220.02       859455
          512       100000       106.20       385.69       753299
         1024       100000       109.95       745.05       727590
         2048       100000       109.59      1495.04       730001
         4096       100000       119.35      2745.61       670315
         8192       100000       127.72      5131.14       626359
        16384        51200       343.43      3816.48       232939
        32768        25600       496.16      5283.35       161235
        65536        12800       769.83      6808.18       103885
       131072         6400      1388.88      7548.24        57589
       262144         3200      2279.21      9199.89        35095
       524288         1600      4048.12     10359.13        19758
      1048576          800      8982.09      9334.68         8902
      2097152          400     24511.46      6840.62         3262
      4194304          200     44161.30      7587.94         1809

#----------------------------------------------------------------
# Benchmarking Stencil2D (8 x 10)
# #processes = 80
#----------------------------------------------------------------
       #bytes #repetitions      t[usec]   Mbytes/sec      Msg/sec
            0       100000        54.46         0.00      1468825
            1       100000        54.05         1.48      1480047
            2       100000        55.79         2.87      1433987
            4       100000        57.18         5.60      1399170
            8       100000        55.00        11.64      1454577
           16       100000        54.90        23.32      1457206
           32       100000        55.18        46.38      1449297
           64       100000        58.10        88.09      1376359
          128       100000        55.41       184.80      1443718
          256       100000        61.41       333.50      1302736
          512       100000        64.65       633.54      1237392
         1024       100000        70.33      1164.74      1137445
         2048       100000        69.65      2352.32      1148593
         4096       100000        72.52      4518.46      1103139
         8192       100000        78.29      8370.93      1021842
        16384        51200       191.90      6830.09       416875
        32768        25600       280.87      9330.54       284745
        65536        12800       406.10     12909.37       196981
       131072         6400       791.64     13110.04       100022
       262144         3200      1175.22     17840.34        68055
       524288         1600      2083.41     20117.63        38371
      1048576          800      3289.04     25462.23        24283
      2097152          400      6245.06     26769.03        12764
      4194304          200     12466.81     26764.92         6381

#----------------------------------------------------------------
# Benchmarking Stencil3D (4 x 5 x 4)
# #processes = 80
#----------------------------------------------------------------
       #bytes #repetitions      t[usec]   Mbytes/sec      Msg/sec
            0       100000        49.13         0.00      1628183
            1       100000        47.96         1.67      1667926
            2       100000        51.61         3.10      1549759
            4       100000        48.76         6.56      1640619
            8       100000        49.58        12.91      1613648
           16       100000        50.70        25.25      1578044
           32       100000        50.56        50.64      1582353
           64       100000        52.93        96.72      1511218
          128       100000        49.02       208.89      1631960
          256       100000        52.45       390.46      1525243
          512       100000        58.76       697.10      1361523
         1024       100000        60.22      1360.38      1328498
         2048       100000        64.68      2532.89      1236765
         4096       100000        64.55      5075.98      1239252
         8192       100000        68.34      9589.07      1170541
        16384        51200       181.09      7236.86       441703
        32768        25600       256.13     10234.65       312337
        65536        12800       412.02     12723.41       194144
       131072         6400       756.88     13852.09       105683
       262144         3200      1020.59     20544.50        78371
       524288         1600      1633.25     25673.42        48968
      1048576          800      3277.62     25564.98        24381
      2097152          400      5917.39     27964.21        13334
      4194304          200     10574.43     31681.26         7553


# All processes entering MPI_Finalize

