#------------------------------------------------------------
#    Intel(R) MPI Benchmarks 2019 Update 6, IMB-P2P part
#------------------------------------------------------------
# Date                  : Sat Sep 19 20:27:12 2020
# Machine               : x86_64
# System                : Linux
# Release               : 4.18.0-193.19.1.el8_2.x86_64
# Version               : #1 SMP Wed Aug 26 15:29:02 EDT 2020
# MPI Version           : 3.1
# MPI Thread Environment:
#
# Calling sequence was:
#
# IMB-P2P
#
# List of Benchmarks to run:
#
# PingPong
# PingPing
# Unirandom
# Birandom
# Corandom
# Stencil2D
# Stencil3D
#
# Minimum message length in bytes:   0
# Maximum message length in bytes:   4194304
#

#----------------------------------------------------------------
# Benchmarking PingPong
# #processes = 80
#----------------------------------------------------------------
       #bytes #repetitions      t[usec]   Mbytes/sec      Msg/sec
            0       100000        90.19         0.00       367439
            1       100000        89.71         0.37       368720
            2       100000        93.40         0.71       356690
            4       100000        89.04         1.48       370914
            8       100000        91.75         2.89       361439
           16       100000        91.41         5.79       361660
           32       100000        89.50        11.78       368161
           64       100000        97.88        21.96       343097
          128       100000       198.74        23.55       183964
          256       100000       197.87        47.21       184407
          512       100000       164.37       110.32       215477
         1024       100000       151.95       236.04       230508
         2048       100000        74.54       850.81       415435
         4096       100000        72.09      1716.08       418964
         8192       100000        89.51      2872.93       350700
        16384        51200       382.42      1696.80       103565
        32768        25600       658.45      1964.28        59945
        65536        12800       674.39      3698.05        56428
       131072         6400      1360.58      3774.72        28799
       262144         3200      1803.47      5518.10        21050
       524288         1600      4089.15      4972.20         9484
      1048576          800     11176.25      3665.76         3496
      2097152          400     19302.03      4189.92         1998
      4194304          200     40593.86      3957.36          944

#----------------------------------------------------------------
# Benchmarking PingPing
# #processes = 80
#----------------------------------------------------------------
       #bytes #repetitions      t[usec]   Mbytes/sec      Msg/sec
            0       100000        84.84         0.00       736224
            1       100000        85.32         0.73       729912
            2       100000        85.28         1.46       729887
            4       100000        85.47         2.91       727968
            8       100000        85.65         5.82       727140
           16       100000        85.77        11.60       724871
           32       100000        86.05        23.14       723058
           64       100000        86.45        46.15       721170
          128       100000        95.47        85.41       667264
          256       100000        94.27       172.51       673871
          512       100000        95.10       332.54       649491
         1024       100000       108.32       603.61       589464
         2048       100000       110.67      1177.50       574953
         4096       100000       138.71      1921.66       469154
         8192       100000       224.76      2538.63       309891
        16384        51200       382.23      3093.85       188834
        32768        25600       581.58      4038.52       123246
        65536        12800      1536.01      3290.26        50205
       131072         6400      1989.43      5025.55        38342
       262144         3200      3332.46      6005.27        22908
       524288         1600      7505.73      5351.21        10207
      1048576          800     20149.18      3972.70         3789
      2097152          400     39605.19      3899.37         1859
      4194304          200     75859.95      4114.34          981

#----------------------------------------------------------------
# Benchmarking Unirandom
# #processes = 80
#----------------------------------------------------------------
       #bytes #repetitions      t[usec]   Mbytes/sec      Msg/sec
            0       100000       198.23         0.00       403572
            1       100000       198.52         0.40       402973
            2       100000       195.12         0.82       410001
            4       100000       197.22         1.62       405629
            8       100000       200.00         3.20       399986
           16       100000       195.03         6.56       410193
           32       100000       192.34        13.31       415926
           64       100000       198.51        25.79       402988
          128       100000       206.70        49.54       387029
          256       100000       238.58        85.84       335307
          512       100000       205.73       199.09       388856
         1024       100000       206.92       395.90       386620
         2048       100000       202.90       807.46       394270
         4096       100000       210.35      1557.69       380296
         8192       100000       212.38      3085.73       376676
        16384        51200       422.13      3104.91       189508
        32768        25600       640.07      4095.29       124978
        65536        12800      1284.05      4082.76        62298
       131072         6400      4413.83      2375.53        18124
       262144         3200      2248.87      9323.35        35566
       524288         1600      3880.70     10803.17        20605
      1048576          800      7529.64     11132.36        10617
      2097152          400     15131.69     11061.68         5275
      4194304          200     31312.37     10686.61         2548

#----------------------------------------------------------------
# Benchmarking Birandom
# #processes = 80
#----------------------------------------------------------------
       #bytes #repetitions      t[usec]   Mbytes/sec      Msg/sec
            0       100000       186.41         0.00       429138
            1       100000       184.81         0.43       432872
            2       100000       191.06         0.84       418721
            4       100000       188.29         1.70       424874
            8       100000       183.41         3.49       436186
           16       100000       187.73         6.82       426131
           32       100000       184.91        13.84       432637
           64       100000       182.01        28.13       439526
          128       100000       201.68        50.77       396668
          256       100000       195.44       104.79       409321
          512       100000       180.74       226.62       442619
         1024       100000       188.42       434.76       424571
         2048       100000       187.58       873.44       426485
         4096       100000       191.66      1709.72       417412
         8192       100000       190.62      3437.96       419673
        16384        51200       414.11      3165.15       193185
        32768        25600       610.22      4295.25       131081
        65536        12800       988.31      5304.69        80943
       131072         6400      2644.75      3964.53        30247
       262144         3200      2100.55      9979.92        38070
       524288         1600      3706.20     11311.98        21576
      1048576          800      7489.38     11192.68        10674
      2097152          400     15107.58     11084.46         5285
      4194304          200     31353.27     10680.28         2546

#----------------------------------------------------------------
# Benchmarking Corandom
# #processes = 80
#----------------------------------------------------------------
       #bytes #repetitions      t[usec]   Mbytes/sec      Msg/sec
            0       100000       242.58         0.00       329788
            1       100000       239.46         0.33       334076
            2       100000       238.99         0.67       334733
            4       100000       244.37         1.31       327319
            8       100000       239.65         2.67       333823
           16       100000       238.36         5.37       335625
           32       100000       245.82        10.41       325437
           64       100000       245.41        20.86       325976
          128       100000       274.72        37.27       291204
          256       100000       267.21        76.64       299384
          512       100000       292.57       139.96       273366
         1024       100000       281.00       291.51       284678
         2048       100000       252.71       648.31       316556
         4096       100000       246.76      1327.94       324204
         8192       100000       224.38      2920.70       356531
        16384        51200       414.33      3163.35       193076
        32768        25600       880.18      2978.24        90889
        65536        12800      2645.19      1981.71        30238
       131072         6400      5906.57      1775.21        13544
       262144         3200      1830.77     11450.06        43679
       524288         1600      3547.93     11817.76        22541
      1048576          800      7254.08     11557.68        11022
      2097152          400     14315.85     11710.55         5584
      4194304          200     36274.74      9237.05         2202

#----------------------------------------------------------------
# Benchmarking Stencil2D (8 x 10)
# #processes = 80
#----------------------------------------------------------------
       #bytes #repetitions      t[usec]   Mbytes/sec      Msg/sec
            0       100000        73.19         0.00      1093083
            1       100000        69.87         1.15      1145045
            2       100000        69.12         2.31      1157336
            4       100000        70.09         4.57      1141286
            8       100000        72.27         8.86      1106947
           16       100000        70.15        18.25      1140392
           32       100000        72.06        35.52      1110083
           64       100000        71.46        71.65      1119562
          128       100000        67.14       152.52      1191590
          256       100000        69.82       293.29      1145669
          512       100000        75.65       541.46      1057531
         1024       100000        76.80      1066.57      1041571
         2048       100000        73.05      2242.96      1095197
         4096       100000        80.63      4063.74       992125
         8192       100000        89.19      7347.93       896965
        16384        51200       205.83      6368.01       388673
        32768        25600       291.83      8980.55       274065
        65536        12800       428.10     12242.53       186806
       131072         6400      1014.17     10335.00        78850
       262144         3200       817.90     25612.48        97704
       524288         1600      1265.31     33129.30        63189
      1048576          800      2244.40     37307.61        35579
      2097152          400      4986.05     33568.10        16007
      4194304          200     10628.40     31471.43         7503

#----------------------------------------------------------------
# Benchmarking Stencil3D (4 x 5 x 4)
# #processes = 80
#----------------------------------------------------------------
       #bytes #repetitions      t[usec]   Mbytes/sec      Msg/sec
            0       100000       124.75         0.00       641287
            1       100000       121.03         0.66       660989
            2       100000       120.48         1.33       663993
            4       100000       120.47         2.66       664058
            8       100000       119.52         5.35       669361
           16       100000       119.72        10.69       668206
           32       100000       120.48        21.25       664017
           64       100000       118.33        43.27       676020
          128       100000       119.32        85.82       670475
          256       100000       105.07       194.91       761386
          512       100000        86.48       473.63       925051
         1024       100000        87.85       932.43       910578
         2048       100000        92.28      1775.51       866950
         4096       100000        97.80      3350.60       818018
         8192       100000       109.77      5970.12       728774
        16384        51200       226.74      5780.76       352829
        32768        25600       385.24      6804.49       207656
        65536        12800       784.33      6684.05       101990
       131072         6400      1248.59      8397.59        64068
       262144         3200       926.86     22622.91        86300
       524288         1600      1655.30     25326.10        48306
      1048576          800      3416.28     24523.67        23388
      2097152          400      8944.08     18747.71         8940
      4194304          200     17258.55     19340.96         4611


# All processes entering MPI_Finalize

