#------------------------------------------------------------
#    Intel(R) MPI Benchmarks 2019 Update 6, IMB-P2P part
#------------------------------------------------------------
# Date                  : Sat Sep 19 14:13:02 2020
# Machine               : x86_64
# System                : Linux
# Release               : 4.18.0-193.19.1.el8_2.x86_64
# Version               : #1 SMP Wed Aug 26 15:29:02 EDT 2020
# MPI Version           : 3.1
# MPI Thread Environment:
#
# Calling sequence was:
#
# IMB-P2P
#
# List of Benchmarks to run:
#
# PingPong
# PingPing
# Unirandom
# Birandom
# Corandom
# Stencil2D
# Stencil3D
#
# Minimum message length in bytes:   0
# Maximum message length in bytes:   4194304
#

#----------------------------------------------------------------
# Benchmarking PingPong
# #processes = 80
#----------------------------------------------------------------
       #bytes #repetitions      t[usec]   Mbytes/sec      Msg/sec
            0       100000        46.88         0.00       669309
            1       100000        47.10         0.67       665398
            2       100000        48.56         1.30       649716
            4       100000        47.32         2.65       662716
            8       100000        47.04         5.33       665848
           16       100000        47.00        10.66       666045
           32       100000        47.69        21.07       658533
           64       100000        50.96        40.07       626108
          128       100000        90.53        49.44       386227
          256       100000        95.64        94.19       367938
          512       100000        85.62       202.71       395909
         1024       100000        88.88       392.21       383019
         2048       100000        57.73      1112.81       543366
         4096       100000        66.99      1923.68       469649
         8192       100000        87.03      3145.51       383973
        16384        51200       312.20      2088.86       127494
        32768        25600       507.65      2567.01        78339
        65536        12800       588.31      4189.79        63931
       131072         6400      1282.94      3934.97        30021
       262144         3200      1870.90      5320.81        20297
       524288         1600      4625.14      4419.45         8429
      1048576          800     10567.17      3872.57         3693
      2097152          400     19983.45      4024.02         1919
      4194304          200     41431.50      3872.76          923

#----------------------------------------------------------------
# Benchmarking PingPing
# #processes = 80
#----------------------------------------------------------------
       #bytes #repetitions      t[usec]   Mbytes/sec      Msg/sec
            0       100000        89.71         0.00       751075
            1       100000        91.26         0.74       737844
            2       100000        89.58         1.50       752430
            4       100000        90.13         2.99       748521
            8       100000        90.29         5.97       746401
           16       100000        90.30        11.91       744195
           32       100000        91.64        23.53       735195
           64       100000        94.34        46.00       718724
          128       100000       234.07        40.69       317928
          256       100000       220.03        86.19       336691
          512       100000       204.45       181.99       355455
         1024       100000       131.30       540.24       527574
         2048       100000       118.04      1172.37       572448
         4096       100000       125.46      2175.36       531094
         8192       100000       168.54      3339.51       407655
        16384        51200       364.33      3301.37       201500
        32768        25600       586.60      4136.16       126226
        65536        12800      1105.34      4452.65        67942
       131072         6400      2198.21      4514.03        34439
       262144         3200      3683.56      5443.50        20765
       524288         1600      8705.37      4619.22         8810
      1048576          800     19596.06      4108.06         3918
      2097152          400     39308.45      4035.16         1924
      4194304          200     76525.76      4089.90          975

#----------------------------------------------------------------
# Benchmarking Unirandom
# #processes = 80
#----------------------------------------------------------------
       #bytes #repetitions      t[usec]   Mbytes/sec      Msg/sec
            0       100000       101.62         0.00       787194
            1       100000       103.17         0.78       775421
            2       100000       105.65         1.51       757173
            4       100000       105.73         3.03       756632
            8       100000       103.26         6.20       774701
           16       100000       103.54        12.36       772637
           32       100000       103.85        24.65       770336
           64       100000       103.67        49.39       771661
          128       100000       104.52        97.97       765420
          256       100000       106.87       191.62       748527
          512       100000       102.36       400.13       781512
         1024       100000       102.51       799.11       780380
         2048       100000       108.66      1507.83       736246
         4096       100000       124.98      2621.87       640105
         8192       100000       139.70      4691.25       572662
        16384        51200       326.41      4015.41       245081
        32768        25600       458.69      5714.71       174399
        65536        12800       751.36      6977.02       106461
       131072         6400      1370.68      7648.66        58355
       262144         3200      2147.06      9765.31        37252
       524288         1600      3885.79     10789.06        20579
      1048576          800      7755.07     10808.23        10308
      2097152          400     15115.29     11079.68         5283
      4194304          200     31701.85     10562.71         2518

#----------------------------------------------------------------
# Benchmarking Birandom
# #processes = 80
#----------------------------------------------------------------
       #bytes #repetitions      t[usec]   Mbytes/sec      Msg/sec
            0       100000        92.99         0.00       860332
            1       100000        93.12         0.86       859061
            2       100000        94.41         1.69       847315
            4       100000        95.61         3.35       836761
            8       100000        93.72         6.83       853593
           16       100000        93.56        13.68       855067
           32       100000        92.55        27.66       864401
           64       100000        92.03        55.63       869241
          128       100000        92.97       110.15       860525
          256       100000        92.24       222.03       867286
          512       100000        96.36       425.07       830206
         1024       100000        98.39       832.62       813101
         2048       100000       103.83      1577.97       770494
         4096       100000       114.34      2865.89       699680
         8192       100000       134.83      4860.53       593326
        16384        51200       315.35      4156.36       253684
        32768        25600       463.97      5649.82       172419
        65536        12800       723.09      7250.31       110631
       131072         6400      1276.98      8210.79        62643
       262144         3200      1986.57     10554.25        40261
       524288         1600      3690.58     11359.59        21667
      1048576          800      7534.69     11123.34        10608
      2097152          400     15232.95     10997.62         5244
      4194304          200     30671.82     10912.30         2602

#----------------------------------------------------------------
# Benchmarking Corandom
# #processes = 80
#----------------------------------------------------------------
       #bytes #repetitions      t[usec]   Mbytes/sec      Msg/sec
            0       100000       112.52         0.00       711000
            1       100000       110.35         0.72       724924
            2       100000       111.49         1.44       717514
            4       100000       110.86         2.89       721613
            8       100000       113.56         5.64       704460
           16       100000       111.81        11.45       715518
           32       100000       115.81        22.10       690754
           64       100000       113.26        45.21       706348
          128       100000       121.29        84.42       659547
          256       100000       120.99       169.26       661185
          512       100000       107.54       380.87       743894
         1024       100000       106.16       771.65       753566
         2048       100000       105.45      1553.67       758627
         4096       100000       111.42      2940.92       717998
         8192       100000       126.18      5193.66       633992
        16384        51200       331.88      3949.23       241042
        32768        25600       436.63      6003.48       183212
        65536        12800       753.26      6959.73       106197
       131072         6400      1655.79      6332.12        48310
       262144         3200      1854.74     11305.79        43128
       524288         1600      4496.90      9325.06        17786
      1048576          800     10482.72      8000.02         7629
      2097152          400     17861.87      9382.57         4474
      4194304          200     42345.05      7750.39         1848

#----------------------------------------------------------------
# Benchmarking Stencil2D (8 x 10)
# #processes = 80
#----------------------------------------------------------------
       #bytes #repetitions      t[usec]   Mbytes/sec      Msg/sec
            0       100000        26.51         0.00      3017998
            1       100000        24.95         3.21      3206947
            2       100000        25.23         6.34      3170143
            4       100000        24.84        12.88      3220088
            8       100000        24.79        25.82      3226971
           16       100000        25.15        50.88      3180290
           32       100000        25.11       101.92      3184992
           64       100000        24.81       206.33      3223846
          128       100000        24.61       416.16      3251285
          256       100000        24.05       851.62      3326637
          512       100000        27.69      1478.95      2888581
         1024       100000        28.50      2874.80      2807420
         2048       100000        30.35      5397.62      2635559
         4096       100000        33.58      9758.41      2382424
         8192       100000        39.76     16481.32      2011880
        16384        51200        80.06     16371.34       999227
        32768        25600       132.91     19721.99       601867
        65536        12800       242.76     21594.89       329512
       131072         6400       508.21     20628.26       157381
       262144         3200       529.30     39598.55       151056
       524288         1600      1040.01     40304.57        76875
      1048576          800      2039.16     41075.01        39172
      2097152          400      5385.12     31111.23        14835
      4194304          200     12025.21     27801.88         6628

#----------------------------------------------------------------
# Benchmarking Stencil3D (4 x 5 x 4)
# #processes = 80
#----------------------------------------------------------------
       #bytes #repetitions      t[usec]   Mbytes/sec      Msg/sec
            0       100000        26.92         0.00      2971404
            1       100000        26.80         2.99      2985577
            2       100000        26.76         5.98      2989506
            4       100000        26.99        11.86      2964018
            8       100000        27.97        22.88      2860616
           16       100000        26.96        47.48      2967550
           32       100000        27.01        94.79      2962258
           64       100000        27.10       188.93      2952091
          128       100000        26.52       386.13      3016643
          256       100000        26.33       777.90      3038682
          512       100000        30.00      1365.44      2666867
         1024       100000        30.34      2700.03      2636747
         2048       100000        32.34      5065.96      2473611
         4096       100000        38.04      8614.14      2103062
         8192       100000        44.65     14677.94      1791741
        16384        51200        91.64     14302.41       872950
        32768        25600       159.12     16474.55       502763
        65536        12800       281.76     18606.52       283913
       131072         6400       591.42     17727.52       135250
       262144         3200       727.55     28820.90       109943
       524288         1600      1429.40     29327.62        55938
      1048576          800      3484.13     24065.61        22951
      2097152          400      7282.86     23017.01        10975
      4194304          200     15312.73     21882.92         5217


# All processes entering MPI_Finalize

