#------------------------------------------------------------
#    Intel(R) MPI Benchmarks 2019 Update 6, IMB-P2P part
#------------------------------------------------------------
# Date                  : Sat Sep 19 18:20:47 2020
# Machine               : x86_64
# System                : Linux
# Release               : 4.18.0-193.19.1.el8_2.x86_64
# Version               : #1 SMP Wed Aug 26 15:29:02 EDT 2020
# MPI Version           : 3.1
# MPI Thread Environment:
#
# Calling sequence was:
#
# IMB-P2P
#
# List of Benchmarks to run:
#
# PingPong
# PingPing
# Unirandom
# Birandom
# Corandom
# Stencil2D
# Stencil3D
#
# Minimum message length in bytes:   0
# Maximum message length in bytes:   4194304
#

#----------------------------------------------------------------
# Benchmarking PingPong
# #processes = 80
#----------------------------------------------------------------
       #bytes #repetitions      t[usec]   Mbytes/sec      Msg/sec
            0       100000       161.13         0.00       227105
            1       100000       159.77         0.23       228589
            2       100000       162.23         0.45       225490
            4       100000       163.27         0.90       224331
            8       100000       159.34         1.83       229264
           16       100000       165.51         3.54       221301
           32       100000       162.85         7.19       224629
           64       100000       172.50        13.64       213071
          128       100000       298.51        16.30       127341
          256       100000       291.42        33.28       129994
          512       100000       266.50        71.98       140583
         1024       100000       247.95       154.06       150453
         2048       100000       138.12       525.52       256602
         4096       100000        80.03      1641.22       400690
         8192       100000        93.05      2905.05       354621
        16384        51200       370.94      1755.13       107125
        32768        25600       585.89      2210.30        67453
        65536        12800       620.46      4023.16        61389
       131072         6400      1222.52      4161.50        31750
       262144         3200      1737.95      5693.95        21721
       524288         1600      3857.85      5226.54         9969
      1048576          800      9980.33      4077.12         3888
      2097152          400     19901.71      4029.55         1921
      4194304          200     41585.40      3729.26          889

#----------------------------------------------------------------
# Benchmarking PingPing
# #processes = 80
#----------------------------------------------------------------
       #bytes #repetitions      t[usec]   Mbytes/sec      Msg/sec
            0       100000       688.02         0.00       109391
            1       100000       686.06         0.11       109614
            2       100000       677.50         0.22       110898
            4       100000       684.09         0.44       109810
            8       100000       697.44         0.86       107700
           16       100000       678.58         1.77       110810
           32       100000       690.14         3.49       108943
           64       100000       708.67         6.79       106155
          128       100000       771.12        12.45        97245
          256       100000       756.85        25.29        98805
          512       100000       834.94        46.07        89974
         1024       100000       698.59       109.42       106853
         2048       100000       842.19       185.92        90783
         4096       100000       656.52       471.75       115174
         8192       100000       575.28      1066.28       130161
        16384        51200       399.47      2998.62       183021
        32768        25600       581.97      4070.15       124211
        65536        12800      1337.54      3724.99        56839
       131072         6400      2217.93      4497.77        34315
       262144         3200      3391.16      5790.03        22087
       524288         1600      7496.22      5436.75        10370
      1048576          800     18585.20      4281.35         4083
      2097152          400     38302.98      4111.28         1960
      4194304          200     77209.72      4094.44          976

#----------------------------------------------------------------
# Benchmarking Unirandom
# #processes = 80
#----------------------------------------------------------------
       #bytes #repetitions      t[usec]   Mbytes/sec      Msg/sec
            0       100000       201.08         0.00       397852
            1       100000       201.83         0.40       396362
            2       100000       198.49         0.81       403035
            4       100000       206.77         1.55       386891
            8       100000       200.20         3.20       399591
           16       100000       202.59         6.32       394884
           32       100000       205.24        12.47       389775
           64       100000       199.91        25.61       400184
          128       100000       208.73        49.06       383264
          256       100000       236.60        86.56       338123
          512       100000       206.83       198.02       386766
         1024       100000       204.80       400.00       390627
         2048       100000       200.27       818.09       399457
         4096       100000       204.46      1602.62       391265
         8192       100000       209.98      3120.99       380980
        16384        51200       409.70      3199.11       195258
        32768        25600       617.54      4244.73       129539
        65536        12800      1504.19      3485.23        53180
       131072         6400      4682.50      2239.20        17084
       262144         3200      2284.97      9176.03        35004
       524288         1600      4109.07     10203.15        19461
      1048576          800      7879.12     10639.19        10146
      2097152          400     15656.55     10695.82         5100
      4194304          200     32401.17     10327.64         2462

#----------------------------------------------------------------
# Benchmarking Birandom
# #processes = 80
#----------------------------------------------------------------
       #bytes #repetitions      t[usec]   Mbytes/sec      Msg/sec
            0       100000       199.93         0.00       400140
            1       100000       196.60         0.41       406908
            2       100000       194.37         0.82       411583
            4       100000       195.63         1.64       408927
            8       100000       202.70         3.16       394671
           16       100000       192.44         6.65       415700
           32       100000       195.36        13.10       409502
           64       100000       193.34        26.48       413775
          128       100000       205.51        49.83       389275
          256       100000       212.94        96.18       375688
          512       100000       194.84       210.22       410581
         1024       100000       189.79       431.64       421524
         2048       100000       185.40       883.68       431486
         4096       100000       194.79      1682.24       410702
         8192       100000       194.67      3366.50       410950
        16384        51200       412.67      3176.12       193855
        32768        25600       609.62      4300.00       131226
        65536        12800      1040.63      5037.94        76873
       131072         6400      2330.95      4498.18        34318
       262144         3200      2132.08      9833.86        37513
       524288         1600      3841.18     10914.50        20818
      1048576          800      7492.84     11186.32        10668
      2097152          400     15058.72     11125.59         5305
      4194304          200     30983.46     10805.07         2576

#----------------------------------------------------------------
# Benchmarking Corandom
# #processes = 80
#----------------------------------------------------------------
       #bytes #repetitions      t[usec]   Mbytes/sec      Msg/sec
            0       100000       218.69         0.00       365818
            1       100000       212.85         0.38       375841
            2       100000       215.17         0.74       371799
            4       100000       219.40         1.46       364625
            8       100000       216.79         2.95       369024
           16       100000       216.38         5.92       369708
           32       100000       216.08        11.85       370222
           64       100000       223.56        22.90       357850
          128       100000       234.80        43.61       340689
          256       100000       234.14        87.47       341678
          512       100000       234.30       174.82       341436
         1024       100000       230.11       355.99       347649
         2048       100000       219.99       744.76       363653
         4096       100000       211.46      1549.44       378281
         8192       100000       209.13      3133.64       382524
        16384        51200       412.23      3179.51       194062
        32768        25600       691.04      3793.32       115763
        65536        12800      2695.97      1944.67        29673
       131072         6400      4969.30      2109.87        16097
       262144         3200      1872.51     11197.78        42716
       524288         1600      3884.50     10792.93        20586
      1048576          800      7531.11     11133.00        10617
      2097152          400     14886.98     11253.72         5366
      4194304          200     36313.08      9225.52         2200

#----------------------------------------------------------------
# Benchmarking Stencil2D (8 x 10)
# #processes = 80
#----------------------------------------------------------------
       #bytes #repetitions      t[usec]   Mbytes/sec      Msg/sec
            0       100000        72.31         0.00      1106352
            1       100000        65.66         1.22      1218261
            2       100000        68.38         2.34      1169931
            4       100000        68.60         4.66      1166090
            8       100000        67.57         9.47      1183868
           16       100000        69.88        18.31      1144599
           32       100000        72.21        35.45      1107939
           64       100000        69.80        73.35      1146146
          128       100000        71.08       144.06      1125467
          256       100000        67.75       302.30      1180862
          512       100000        75.64       541.49      1057596
         1024       100000        73.78      1110.37      1084342
         2048       100000        78.48      2087.75      1019407
         4096       100000        82.91      3951.80       964794
         8192       100000        96.37      6800.21       830104
        16384        51200       209.67      6251.09       381536
        32768        25600       313.59      8359.25       255104
        65536        12800       473.99     11058.92       168746
       131072         6400       950.08     11033.64        84180
       262144         3200       823.95     25435.57        97029
       524288         1600      1286.98     32575.47        62133
      1048576          800      2210.44     37884.74        36130
      2097152          400      4107.68     40769.99        19441
      4194304          200      8817.32     37847.36         9024

#----------------------------------------------------------------
# Benchmarking Stencil3D (4 x 5 x 4)
# #processes = 80
#----------------------------------------------------------------
       #bytes #repetitions      t[usec]   Mbytes/sec      Msg/sec
            0       100000        77.61         0.00      1030767
            1       100000        78.72         1.02      1016278
            2       100000        75.23         2.13      1063370
            4       100000        77.24         4.14      1035760
            8       100000        76.23         8.40      1049413
           16       100000        77.06        16.61      1038093
           32       100000        77.72        32.94      1029290
           64       100000        76.98        66.51      1039241
          128       100000        77.54       132.06      1031712
          256       100000        73.09       280.21      1094576
          512       100000        75.56       542.07      1058727
         1024       100000        76.92      1064.97      1040006
         2048       100000        84.26      1944.41       949420
         4096       100000        89.17      3674.96       897207
         8192       100000       101.10      6481.61       791212
        16384        51200       218.13      6008.80       366748
        32768        25600       371.67      7052.44       215223
        65536        12800       728.95      7191.83       109739
       131072         6400      1270.53      8251.72        62956
       262144         3200       917.20     22850.45        87168
       524288         1600      1929.41     21729.10        41445
      1048576          800      4082.90     20536.56        19585
      2097152          400      8060.68     20798.33         9917
      4194304          200     16582.44     20208.99         4818


# All processes entering MPI_Finalize

