#------------------------------------------------------------
#    Intel(R) MPI Benchmarks 2019 Update 6, IMB-P2P part
#------------------------------------------------------------
# Date                  : Sat Sep 19 13:21:29 2020
# Machine               : x86_64
# System                : Linux
# Release               : 4.18.0-193.19.1.el8_2.x86_64
# Version               : #1 SMP Wed Aug 26 15:29:02 EDT 2020
# MPI Version           : 3.1
# MPI Thread Environment:
#
# Calling sequence was:
#
# IMB-P2P
#
# List of Benchmarks to run:
#
# PingPong
# PingPing
# Unirandom
# Birandom
# Corandom
# Stencil2D
# Stencil3D
#
# Minimum message length in bytes:   0
# Maximum message length in bytes:   4194304
#

#----------------------------------------------------------------
# Benchmarking PingPong
# #processes = 80
#----------------------------------------------------------------
       #bytes #repetitions      t[usec]   Mbytes/sec      Msg/sec
            0       100000        33.41         0.00      1081312
            1       100000        33.63         1.08      1075417
            2       100000        33.62         2.15      1076713
            4       100000        33.67         4.30      1075281
            8       100000        33.69         8.61      1076500
           16       100000        33.79        17.18      1073749
           32       100000        33.83        34.35      1073392
           64       100000        34.85        67.22      1050375
          128       100000        34.96       134.23      1048703
          256       100000        35.08       267.91      1046523
          512       100000        38.03       514.24      1004376
         1024       100000        38.37      1021.93       997983
         2048       100000        39.04      1987.33       970374
         4096       100000        41.97      3521.68       859785
         8192       100000        53.58      5771.28       704502
        16384        51200       122.75      4902.62       299232
        32768        25600       215.34      5569.85       169978
        65536        12800       381.83      6031.86        92039
       131072         6400       753.03      6100.12        46540
       262144         3200      1562.73      5976.25        22798
       524288         1600      3037.02      6080.08        11597
      1048576          800      6022.04      6085.24         5803
      2097152          400     12131.30      6074.67         2897
      4194304          200     24461.31      5988.96         1428

#----------------------------------------------------------------
# Benchmarking PingPing
# #processes = 80
#----------------------------------------------------------------
       #bytes #repetitions      t[usec]   Mbytes/sec      Msg/sec
            0       100000        51.44         0.00      1104064
            1       100000        50.65         1.12      1118909
            2       100000        49.74         2.17      1084747
            4       100000        49.15         4.61      1153683
            8       100000        48.97         9.35      1169226
           16       100000        49.32        18.17      1135362
           32       100000        49.63        37.01      1156689
           64       100000        52.46        70.07      1094894
          128       100000        52.51       139.16      1087195
          256       100000        51.90       279.74      1092740
          512       100000        47.75       618.18      1207382
         1024       100000        47.39      1284.94      1254821
         2048       100000        48.77      2480.53      1211196
         4096       100000        55.02      4625.66      1129311
         8192       100000       105.58      6060.06       739754
        16384        51200       196.19      5908.82       360646
        32768        25600       383.71      6082.16       185613
        65536        12800       754.86      6078.26        92747
       131072         6400      1523.50      6110.16        46617
       262144         3200      3021.53      6085.37        23214
       524288         1600      6012.96      6138.91        11709
      1048576          800     11685.84      6157.56         5872
      2097152          400     23269.98      6169.99         2942
      4194304          200     46759.23      6168.48         1471

#----------------------------------------------------------------
# Benchmarking Unirandom
# #processes = 80
#----------------------------------------------------------------
       #bytes #repetitions      t[usec]   Mbytes/sec      Msg/sec
            0       100000        68.47         0.00      1168408
            1       100000        68.62         1.17      1165779
            2       100000        68.97         2.32      1159909
            4       100000        75.34         4.25      1061827
            8       100000        68.73         9.31      1163927
           16       100000        68.73        18.62      1163906
           32       100000        68.87        37.17      1161609
           64       100000        69.77        73.38      1146533
          128       100000        69.90       146.49      1144416
          256       100000        69.03       296.66      1158819
          512       100000        84.44       485.08       947430
         1024       100000        85.30       960.41       937902
         2048       100000        90.08      1818.76       888068
         4096       100000        99.44      3295.09       804465
         8192       100000       115.81      5658.82       690774
        16384        51200       195.01      6721.15       410226
        32768        25600       292.45      8963.00       273529
        65536        12800       520.30     10074.93       153731
       131072         6400      1022.30     10254.79        78238
       262144         3200      2362.50      8874.45        33853
       524288         1600      4329.86      9681.87        18467
      1048576          800      8428.90      9943.67         9483
      2097152          400     16572.48     10102.29         4817
      4194304          200     33016.74     10136.16         2417

#----------------------------------------------------------------
# Benchmarking Birandom
# #processes = 80
#----------------------------------------------------------------
       #bytes #repetitions      t[usec]   Mbytes/sec      Msg/sec
            0       100000        66.82         0.00      1197230
            1       100000        67.11         1.19      1192144
            2       100000        67.10         2.38      1192145
            4       100000        67.46         4.74      1185930
            8       100000        67.45         9.49      1186082
           16       100000        67.44        18.98      1186266
           32       100000        67.53        37.91      1184696
           64       100000        68.44        74.81      1168913
          128       100000        68.66       149.14      1165160
          256       100000        68.82       297.56      1162360
          512       100000        84.21       486.38       949958
         1024       100000        89.53       914.96       893519
         2048       100000        90.71      1806.24       881954
         4096       100000        97.15      3373.05       823498
         8192       100000       110.80      5914.96       722041
        16384        51200       194.54      6737.38       411217
        32768        25600       290.26      9030.89       275601
        65536        12800       507.38     10332.47       157661
       131072         6400       982.30     10673.80        81435
       262144         3200      2089.16     10036.04        38284
       524288         1600      4011.66     10449.91        19932
      1048576          800      8017.48     10452.99         9969
      2097152          400     15908.85     10528.30         5020
      4194304          200     31596.74     10587.48         2524

#----------------------------------------------------------------
# Benchmarking Corandom
# #processes = 80
#----------------------------------------------------------------
       #bytes #repetitions      t[usec]   Mbytes/sec      Msg/sec
            0       100000        39.17         0.00      2042391
            1       100000        39.82         2.01      2008824
            2       100000        40.06         3.99      1996954
            4       100000        40.32         7.94      1983966
            8       100000        39.67        16.13      2016801
           16       100000        39.18        32.67      2041960
           32       100000        39.35        65.06      2033080
           64       100000        40.36       126.85      1981988
          128       100000        41.22       248.42      1940814
          256       100000        40.42       506.72      1979381
          512       100000        47.70       858.74      1677225
         1024       100000        48.91      1674.99      1635731
         2048       100000        51.05      3209.37      1567074
         4096       100000        55.32      5923.13      1446076
         8192       100000        65.73      9970.13      1217057
        16384        51200       125.37     10454.94       638119
        32768        25600       227.02     11546.43       352369
        65536        12800       437.98     11969.67       182643
       131072         6400       883.15     11871.38        90571
       262144         3200      1775.75     11807.50        45042
       524288         1600      3485.58     12029.95        22945
      1048576          800      6920.26     12114.90        11554
      2097152          400     13745.99     12188.16         5812
      4194304          200     27266.96     12274.77         2927

#----------------------------------------------------------------
# Benchmarking Stencil2D (8 x 10)
# #processes = 80
#----------------------------------------------------------------
       #bytes #repetitions      t[usec]   Mbytes/sec      Msg/sec
            0       100000        16.37         0.00      4887535
            1       100000        17.14         4.67      4668538
            2       100000        16.34         9.79      4894831
            4       100000        16.49        19.41      4851727
            8       100000        16.57        38.61      4826754
           16       100000        16.46        77.76      4859978
           32       100000        16.48       155.33      4854021
           64       100000        16.81       304.52      4758092
          128       100000        16.95       604.27      4720865
          256       100000        16.76      1221.86      4772891
          512       100000        20.06      2041.64      3987586
         1024       100000        20.16      4064.05      3968801
         2048       100000        21.51      7617.12      3719296
         4096       100000        23.17     14144.58      3453267
         8192       100000        26.71     24533.11      2994765
        16384        51200        56.51     23195.15      1415720
        32768        25600        91.59     28618.85       873378
        65536        12800       166.00     31579.63       481867
       131072         6400       349.44     30000.09       228883
       262144         3200       458.85     45689.97       174293
       524288         1600       922.66     45427.51        86646
      1048576          800      1797.76     46593.12        44435
      2097152          400      3702.75     45186.95        21547
      4194304          200      7386.33     45197.43        10776

#----------------------------------------------------------------
# Benchmarking Stencil3D (4 x 5 x 4)
# #processes = 80
#----------------------------------------------------------------
       #bytes #repetitions      t[usec]   Mbytes/sec      Msg/sec
            0       100000        14.14         0.00      5656358
            1       100000        14.32         5.59      5585950
            2       100000        14.40        11.11      5553832
            4       100000        14.48        22.11      5526530
            8       100000        14.65        43.67      5459040
           16       100000        14.49        88.35      5521894
           32       100000        14.61       175.23      5475927
           64       100000        15.08       339.55      5305480
          128       100000        15.23       672.28      5252173
          256       100000        15.43      1327.26      5184613
          512       100000        18.82      2175.90      4249814
         1024       100000        19.02      4307.40      4206441
         2048       100000        20.30      8069.58      3940224
         4096       100000        21.96     14924.29      3643626
         8192       100000        27.20     24093.15      2941058
        16384        51200        58.33     22470.95      1371518
        32768        25600        94.53     27729.78       846246
        65536        12800       176.19     29754.36       454015
       131072         6400       370.15     28323.97       216095
       262144         3200       588.93     35602.52       135813
       524288         1600      1159.37     36165.26        68980
      1048576          800      2311.34     36271.23        34591
      2097152          400      4661.35     35958.58        17146
      4194304          200      9353.96     35801.34         8536


# All processes entering MPI_Finalize

