#------------------------------------------------------------
#    Intel(R) MPI Benchmarks 2019 Update 6, IMB-P2P part
#------------------------------------------------------------
# Date                  : Sat Sep 19 15:16:32 2020
# Machine               : x86_64
# System                : Linux
# Release               : 4.18.0-193.19.1.el8_2.x86_64
# Version               : #1 SMP Wed Aug 26 15:29:02 EDT 2020
# MPI Version           : 3.1
# MPI Thread Environment:
#
# Calling sequence was:
#
# IMB-P2P
#
# List of Benchmarks to run:
#
# PingPong
# PingPing
# Unirandom
# Birandom
# Corandom
# Stencil2D
# Stencil3D
#
# Minimum message length in bytes:   0
# Maximum message length in bytes:   4194304
#

#----------------------------------------------------------------
# Benchmarking PingPong
# #processes = 2
#----------------------------------------------------------------
       #bytes #repetitions      t[usec]   Mbytes/sec      Msg/sec
            0       100000        16.65         0.00        60060
            1       100000        16.63         0.06        60120
            2       100000        16.62         0.12        60157
            4       100000        16.65         0.24        60065
            8       100000        16.63         0.48        60147
           16       100000        16.68         0.96        59946
           32       100000        16.69         1.92        59900
           64       100000        16.92         3.78        59100
          128       100000        17.65         7.25        56659
          256       100000        17.75        14.42        56336
          512       100000        19.59        26.13        51039
         1024       100000        19.92        51.41        50204
         2048       100000        21.49        95.32        46543
         4096       100000        24.46       167.44        40879
         8192       100000        28.75       284.96        34785
        16384        51200        41.06       398.98        24352
        32768        25600        52.60       622.96        19011
        65536        12800        79.28       826.59        12613
       131072         6400       136.01       963.68         7352
       262144         3200       183.21      1430.82         5458
       524288         1600       291.84      1796.46         3426
      1048576          800       503.34      2083.21         1987
      2097152          400       904.36      2318.84         1106
      4194304          200      1690.49      2480.84          591

#----------------------------------------------------------------
# Benchmarking PingPing
# #processes = 2
#----------------------------------------------------------------
       #bytes #repetitions      t[usec]   Mbytes/sec      Msg/sec
            0       100000        17.83         0.00       112150
            1       100000        17.65         0.11       113342
            2       100000        17.69         0.23       113067
            4       100000        17.57         0.46       113798
            8       100000        17.74         0.90       112766
           16       100000        17.71         1.81       112950
           32       100000        17.62         3.63       113481
           64       100000        17.82         7.18       112220
          128       100000        18.74        13.66       106708
          256       100000        18.85        27.16       106077
          512       100000        20.83        49.17        96027
         1024       100000        21.11        97.03        94756
         2048       100000        21.97       186.47        91048
         4096       100000        24.91       328.84        80284
         8192       100000        29.84       549.07        67025
        16384        51200        43.39       755.26        46097
        32768        25600        57.95      1130.85        34511
        65536        12800        99.53      1316.84        20093
       131072         6400       188.14      1393.36        10630
       262144         3200       224.90      2331.18         8893
       524288         1600       399.23      2626.51         5010
      1048576          800       727.28      2883.56         2750
      2097152          400      1323.67      3168.62         1511
      4194304          200      2513.02      3338.03          796

#----------------------------------------------------------------
# Benchmarking Unirandom
# #processes = 2
#----------------------------------------------------------------
       #bytes #repetitions      t[usec]   Mbytes/sec      Msg/sec
            0       100000        21.41         0.00        93419
            1       100000        21.57         0.09        92707
            2       100000        21.56         0.19        92775
            4       100000        21.58         0.37        92657
            8       100000        21.61         0.74        92565
           16       100000        21.59         1.48        92631
           32       100000        21.65         2.96        92399
           64       100000        21.78         5.88        91822
          128       100000        23.16        11.05        86341
          256       100000        23.59        21.70        84784
          512       100000        27.24        37.59        73416
         1024       100000        27.76        73.77        72042
         2048       100000        29.78       137.52        67150
         4096       100000        33.67       243.28        59393
         8192       100000        39.06       419.44        51201
        16384        51200        57.66       568.30        34686
        32768        25600        81.87       800.45        24428
        65536        12800       134.99       970.94        14815
       131072         6400       248.89      1053.23         8036
       262144         3200       364.55      1438.17         5486
       524288         1600       561.59      1867.14         3561
      1048576          800       973.91      2153.31         2054
      2097152          400      1732.91      2420.28         1154
      4194304          200      3233.40      2594.04          618

#----------------------------------------------------------------
# Benchmarking Birandom
# #processes = 2
#----------------------------------------------------------------
       #bytes #repetitions      t[usec]   Mbytes/sec      Msg/sec
            0       100000        17.85         0.00       112053
            1       100000        17.78         0.11       112471
            2       100000        17.67         0.23       113167
            4       100000        17.61         0.45       113569
            8       100000        17.69         0.90       113052
           16       100000        17.62         1.82       113476
           32       100000        17.65         3.63       113312
           64       100000        17.84         7.17       112087
          128       100000        18.70        13.69       106980
          256       100000        18.70        27.38       106969
          512       100000        20.69        49.50        96681
         1024       100000        21.04        97.34        95059
         2048       100000        22.01       186.08        90858
         4096       100000        24.99       327.86        80044
         8192       100000        29.91       547.75        66864
        16384        51200        43.33       756.22        46156
        32768        25600        57.92      1131.47        34530
        65536        12800        99.64      1315.43        20072
       131072         6400       188.17      1393.15        10629
       262144         3200       224.74      2332.88         8899
       524288         1600       399.30      2626.05         5009
      1048576          800       727.47      2882.80         2749
      2097152          400      1321.32      3174.33         1514
      4194304          200      2505.33      3348.29          798

#----------------------------------------------------------------
# Benchmarking Corandom
# #processes = 2
#----------------------------------------------------------------
       #bytes #repetitions      t[usec]   Mbytes/sec      Msg/sec
            0       100000        17.86         0.00       111972
            1       100000        17.86         0.11       111962
            2       100000        17.86         0.22       111974
            4       100000        17.82         0.45       112262
            8       100000        17.77         0.90       112553
           16       100000        17.80         1.80       112380
           32       100000        17.71         3.61       112945
           64       100000        17.84         7.18       112133
          128       100000        18.60        13.76       107537
          256       100000        18.68        27.41       107082
          512       100000        20.78        49.27        96223
         1024       100000        21.10        97.05        94775
         2048       100000        21.97       186.41        91022
         4096       100000        24.96       328.18        80121
         8192       100000        29.91       547.84        66876
        16384        51200        43.47       753.75        46005
        32768        25600        57.99      1130.16        34490
        65536        12800        99.84      1312.87        20033
       131072         6400       188.64      1389.63        10602
       262144         3200       224.63      2334.02         8904
       524288         1600       398.67      2630.19         5017
      1048576          800       727.74      2881.72         2748
      2097152          400      1325.15      3165.11         1509
      4194304          200      2509.55      3342.60          797

# !! Benchmark Stencil2D is invalid for 2 processes !!

# !! Benchmark Stencil3D is invalid for 2 processes !!


# All processes entering MPI_Finalize

