#------------------------------------------------------------
#    Intel(R) MPI Benchmarks 2019 Update 6, IMB-P2P part
#------------------------------------------------------------
# Date                  : Sat Sep 19 20:18:39 2020
# Machine               : x86_64
# System                : Linux
# Release               : 4.18.0-193.19.1.el8_2.x86_64
# Version               : #1 SMP Wed Aug 26 15:29:02 EDT 2020
# MPI Version           : 3.1
# MPI Thread Environment:
#
# Calling sequence was:
#
# IMB-P2P
#
# List of Benchmarks to run:
#
# PingPong
# PingPing
# Unirandom
# Birandom
# Corandom
# Stencil2D
# Stencil3D
#
# Minimum message length in bytes:   0
# Maximum message length in bytes:   4194304
#

#----------------------------------------------------------------
# Benchmarking PingPong
# #processes = 2
#----------------------------------------------------------------
       #bytes #repetitions      t[usec]   Mbytes/sec      Msg/sec
            0       100000        19.52         0.00        51238
            1       100000        19.38         0.05        51597
            2       100000        19.44         0.10        51431
            4       100000        19.45         0.21        51402
            8       100000        19.47         0.41        51359
           16       100000        19.41         0.82        51532
           32       100000        19.43         1.65        51464
           64       100000        19.55         3.27        51163
          128       100000        20.38         6.28        49056
          256       100000        20.44        12.53        48932
          512       100000        22.33        22.93        44781
         1024       100000        22.57        45.36        44297
         2048       100000        24.35        84.09        41062
         4096       100000        27.41       149.42        36480
         8192       100000        31.66       258.72        31582
        16384        51200        46.02       356.04        21731
        32768        25600        57.72       567.66        17324
        65536        12800        85.77       764.11        11659
       131072         6400       146.49       894.77         6827
       262144         3200       202.28      1295.96         4944
       524288         1600       314.59      1666.59         3179
      1048576          800       534.95      1960.12         1869
      2097152          400       948.21      2211.60         1055
      4194304          200      1766.69      2373.86          566

#----------------------------------------------------------------
# Benchmarking PingPing
# #processes = 2
#----------------------------------------------------------------
       #bytes #repetitions      t[usec]   Mbytes/sec      Msg/sec
            0       100000        21.07         0.00        94933
            1       100000        20.75         0.10        96387
            2       100000        20.78         0.19        96244
            4       100000        20.82         0.38        96040
            8       100000        20.86         0.77        95867
           16       100000        20.91         1.53        95660
           32       100000        20.94         3.06        95498
           64       100000        21.07         6.07        94919
          128       100000        21.74        11.78        92002
          256       100000        21.80        23.48        91723
          512       100000        23.79        43.04        84055
         1024       100000        24.16        84.78        82794
         2048       100000        24.95       164.15        80154
         4096       100000        27.89       293.73        71712
         8192       100000        32.82       499.18        60936
        16384        51200        48.90       670.16        40903
        32768        25600        64.01      1023.91        31247
        65536        12800       109.96      1191.95        18188
       131072         6400       204.68      1280.73         9771
       262144         3200       246.01      2131.17         8130
       524288         1600       427.08      2455.18         4683
      1048576          800       765.77      2738.57         2612
      2097152          400      1386.93      3024.11         1442
      4194304          200      2653.00      3161.92          754

#----------------------------------------------------------------
# Benchmarking Unirandom
# #processes = 2
#----------------------------------------------------------------
       #bytes #repetitions      t[usec]   Mbytes/sec      Msg/sec
            0       100000        26.11         0.00        76606
            1       100000        26.14         0.08        76500
            2       100000        26.23         0.15        76259
            4       100000        26.22         0.31        76280
            8       100000        26.19         0.61        76373
           16       100000        26.21         1.22        76321
           32       100000        26.14         2.45        76498
           64       100000        26.30         4.87        76054
          128       100000        27.56         9.29        72558
          256       100000        27.84        18.39        71827
          512       100000        31.30        32.72        63907
         1024       100000        31.78        64.44        62926
         2048       100000        33.90       120.83        59001
         4096       100000        37.52       218.34        53307
         8192       100000        42.81       382.70        46717
        16384        51200        64.43       508.58        31041
        32768        25600        89.77       730.04        22279
        65536        12800       146.76       893.12        13628
       131072         6400       269.52       972.63         7421
       262144         3200       400.27      1309.82         4997
       524288         1600       607.99      1724.66         3290
      1048576          800      1038.44      2019.49         1926
      2097152          400      1825.25      2297.83         1096
      4194304          200      3388.26      2475.50          590

#----------------------------------------------------------------
# Benchmarking Birandom
# #processes = 2
#----------------------------------------------------------------
       #bytes #repetitions      t[usec]   Mbytes/sec      Msg/sec
            0       100000        20.83         0.00        96003
            1       100000        20.77         0.10        96312
            2       100000        20.70         0.19        96633
            4       100000        20.74         0.39        96412
            8       100000        20.80         0.77        96172
           16       100000        20.83         1.54        96010
           32       100000        20.76         3.08        96338
           64       100000        20.89         6.13        95757
          128       100000        21.70        11.80        92176
          256       100000        21.73        23.56        92032
          512       100000        23.70        43.21        84399
         1024       100000        24.02        85.25        83255
         2048       100000        24.90       164.50        80320
         4096       100000        27.81       294.56        71913
         8192       100000        32.74       500.50        61096
        16384        51200        49.10       667.36        40733
        32768        25600        64.45      1016.92        31034
        65536        12800       109.84      1193.31        18208
       131072         6400       204.27      1283.30         9791
       262144         3200       246.67      2125.42         8108
       524288         1600       427.58      2452.37         4678
      1048576          800       769.10      2726.74         2600
      2097152          400      1400.05      2995.79         1429
      4194304          200      2665.93      3146.59          750

#----------------------------------------------------------------
# Benchmarking Corandom
# #processes = 2
#----------------------------------------------------------------
       #bytes #repetitions      t[usec]   Mbytes/sec      Msg/sec
            0       100000        20.98         0.00        95341
            1       100000        20.75         0.10        96368
            2       100000        20.70         0.19        96599
            4       100000        20.70         0.39        96632
            8       100000        20.72         0.77        96530
           16       100000        20.89         1.53        95746
           32       100000        20.79         3.08        96200
           64       100000        20.87         6.13        95812
          128       100000        21.63        11.83        92445
          256       100000        21.69        23.61        92220
          512       100000        23.75        43.12        84219
         1024       100000        24.09        85.01        83015
         2048       100000        24.94       164.23        80192
         4096       100000        27.87       293.95        71765
         8192       100000        32.94       497.45        60723
        16384        51200        49.01       668.56        40806
        32768        25600        64.21      1020.67        31148
        65536        12800       110.07      1190.84        18171
       131072         6400       204.53      1281.67         9778
       262144         3200       246.03      2130.96         8129
       524288         1600       427.09      2455.18         4683
      1048576          800       768.23      2729.85         2603
      2097152          400      1393.14      3010.64         1436
      4194304          200      2650.16      3165.28          755

# !! Benchmark Stencil2D is invalid for 2 processes !!

# !! Benchmark Stencil3D is invalid for 2 processes !!


# All processes entering MPI_Finalize

