#------------------------------------------------------------
#    Intel(R) MPI Benchmarks 2019 Update 6, IMB-P2P part
#------------------------------------------------------------
# Date                  : Sat Sep 19 16:29:59 2020
# Machine               : x86_64
# System                : Linux
# Release               : 4.18.0-193.19.1.el8_2.x86_64
# Version               : #1 SMP Wed Aug 26 15:29:02 EDT 2020
# MPI Version           : 3.1
# MPI Thread Environment:
#
# Calling sequence was:
#
# IMB-P2P
#
# List of Benchmarks to run:
#
# PingPong
# PingPing
# Unirandom
# Birandom
# Corandom
# Stencil2D
# Stencil3D
#
# Minimum message length in bytes:   0
# Maximum message length in bytes:   4194304
#

#----------------------------------------------------------------
# Benchmarking PingPong
# #processes = 80
#----------------------------------------------------------------
       #bytes #repetitions      t[usec]   Mbytes/sec      Msg/sec
            0       100000         1.10         0.00     34740580
            1       100000         1.08        31.43     31429052
            2       100000         1.07        74.35     37172722
            4       100000         1.07       148.77     37191877
            8       100000         1.07       297.43     37178456
           16       100000         1.07       590.60     36912308
           32       100000         1.10      1154.05     36064028
           64       100000         1.20      2128.48     33257435
          128       100000         1.25      4057.23     31697085
          256       100000         1.54      6543.34     25559934
          512       100000         1.69     12043.94     23523319
         1024       100000         1.94     21050.58     20557212
         2048       100000         3.04     26441.05     12910668
         4096       100000         4.42     36471.97      8904290
         8192       100000         7.49     43572.26      5318880
        16384        51200        24.32     25735.62      1570778
        32768        25600        44.90     28335.36       864727
        65536        12800        90.69     27723.53       423027
       131072         6400       137.74     37513.23       286203
       262144         3200       244.29     42466.58       161997
       524288         1600       476.10     43729.87        83408
      1048576          800       932.14     44810.18        42734
      2097152          400      1793.39     46637.73        22239
      4194304          200      3655.57     45724.00        10901

#----------------------------------------------------------------
# Benchmarking PingPing
# #processes = 80
#----------------------------------------------------------------
       #bytes #repetitions      t[usec]   Mbytes/sec      Msg/sec
            0       100000         1.19         0.00     65466563
            1       100000         1.19        65.86     65856072
            2       100000         1.19       131.38     65688671
            4       100000         1.20       262.76     65688983
            8       100000         1.19       526.60     65824590
           16       100000         1.20      1049.33     65583240
           32       100000         1.22      2042.17     63817753
           64       100000         1.32      3779.77     59058963
          128       100000         1.39      7243.37     56588797
          256       100000         1.88     10771.48     42076101
          512       100000         2.08     19419.81     37929314
         1024       100000         2.56     31820.00     31074218
         2048       100000         3.63     44559.66     21757646
         4096       100000         6.99     46694.79     11400096
         8192       100000        13.81     47297.67      5773641
        16384        51200        36.35     35680.33      2177755
        32768        25600        60.90     42529.29      1297891
        65536        12800       109.16     47563.67       725764
       131072         6400       212.20     48622.35       370959
       262144         3200       424.52     48976.67       186831
       524288         1600       854.33     49014.01        93487
      1048576          800      1698.28     49146.31        46870
      2097152          400      3400.72     49225.33        23472
      4194304          200      6806.48     49186.82        11727

#----------------------------------------------------------------
# Benchmarking Unirandom
# #processes = 80
#----------------------------------------------------------------
       #bytes #repetitions      t[usec]   Mbytes/sec      Msg/sec
            0       100000         5.39         0.00     14839490
            1       100000         5.44        14.70     14701722
            2       100000         5.32        30.08     15038847
            4       100000         5.32        60.14     15034942
            8       100000         5.36       119.33     14916183
           16       100000         5.34       239.87     14992086
           32       100000         5.50       465.79     14556035
           64       100000         5.65       906.72     14167425
          128       100000         5.86      1747.43     13651826
          256       100000         6.21      3297.90     12882428
          512       100000         6.77      6051.63     11819591
         1024       100000         7.36     11125.51     10864760
         2048       100000         9.73     16840.20      8222755
         4096       100000        13.22     24792.19      6052782
         8192       100000        20.64     31751.93      3875968
        16384        51200        66.35     19755.45      1205777
        32768        25600        97.84     26791.34       817607
        65536        12800       162.05     32349.34       493612
       131072         6400       300.23     34920.46       266422
       262144         3200       572.78     36602.47       139627
       524288         1600      1113.73     37637.73        71788
      1048576          800      2179.94     38437.28        36657
      2097152          400      4503.42     37154.24        17717
      4194304          200      9139.31     36546.63         8713

#----------------------------------------------------------------
# Benchmarking Birandom
# #processes = 80
#----------------------------------------------------------------
       #bytes #repetitions      t[usec]   Mbytes/sec      Msg/sec
            0       100000         5.33         0.00     15020329
            1       100000         5.40        14.81     14805551
            2       100000         5.32        30.09     15044449
            4       100000         5.33        60.02     15005181
            8       100000         5.33       120.12     15014936
           16       100000         5.33       239.97     14998383
           32       100000         5.45       469.71     14678327
           64       100000         5.78       885.81     13840777
          128       100000         5.84      1752.04     13687781
          256       100000         6.27      3264.53     12752063
          512       100000         6.87      5957.83     11636392
         1024       100000         7.46     10985.99     10728509
         2048       100000         9.80     16726.15      8167066
         4096       100000        13.10     25017.63      6107821
         8192       100000        20.78     31541.85      3850324
        16384        51200        49.79     26323.16      1606638
        32768        25600        80.16     32700.61       997944
        65536        12800       143.66     36493.11       556841
       131072         6400       278.19     37687.35       287532
       262144         3200       547.38     38303.37       146116
       524288         1600      1073.02     39070.07        74520
      1048576          800      2129.90     39352.11        37529
      2097152          400      4448.51     37636.31        17946
      4194304          200      9024.24     37063.33         8837

#----------------------------------------------------------------
# Benchmarking Corandom
# #processes = 80
#----------------------------------------------------------------
       #bytes #repetitions      t[usec]   Mbytes/sec      Msg/sec
            0       100000         3.11         0.00     25751707
            1       100000         3.10        25.82     25817768
            2       100000         3.10        51.62     25811269
            4       100000         3.09       103.40     25848902
            8       100000         3.09       206.91     25864311
           16       100000         3.12       410.12     25632309
           32       100000         3.13       816.88     25527533
           64       100000         3.25      1573.43     24584907
          128       100000         3.33      3072.93     24007281
          256       100000         3.54      5782.96     22589701
          512       100000         3.88     10556.42     20618011
         1024       100000         3.98     20599.42     20116618
         2048       100000         5.14     31868.93     15561002
         4096       100000         8.53     38425.01      9381105
         8192       100000        16.39     39993.66      4882039
        16384        51200        34.44     38058.34      2322897
        32768        25600        65.25     40175.96      1226073
        65536        12800       128.66     40746.30       621739
       131072         6400       254.69     41166.21       314073
       262144         3200       505.95     41443.10       158093
       524288         1600      1014.20     41348.95        78867
      1048576          800      1979.81     42348.93        40387
      2097152          400      3939.20     42551.60        20290
      4194304          200      7779.66     43065.46        10268

#----------------------------------------------------------------
# Benchmarking Stencil2D (8 x 10)
# #processes = 80
#----------------------------------------------------------------
       #bytes #repetitions      t[usec]   Mbytes/sec      Msg/sec
            0       100000         1.24         0.00     64493422
            1       100000         1.24        64.28     64284622
            2       100000         1.25       128.33     64164189
            4       100000         1.24       257.93     64482138
            8       100000         1.24       516.98     64622428
           16       100000         1.25      1026.93     64183009
           32       100000         1.26      2026.83     63338419
           64       100000         1.28      3997.10     62454732
          128       100000         1.32      7772.04     60719064
          256       100000         1.43     14366.95     56120883
          512       100000         1.48     27652.29     54008379
         1024       100000         1.62     50584.26     49398696
         2048       100000         2.00     81914.04     39997090
         4096       100000         3.97     82602.63     20166657
         8192       100000         7.79     84105.67     10266805
        16384        51200        16.24     80695.79      4925280
        32768        25600        31.16     84113.79      2566949
        65536        12800        61.38     85410.77      1303265
       131072         6400       121.44     86328.00       658630
       262144         3200       240.93     87013.37       331930
       524288         1600       568.97     73709.41       140590
      1048576          800      1226.37     68390.96        65223
      2097152          400      2345.56     71494.84        34091
      4194304          200      4781.86     70123.28        16719

#----------------------------------------------------------------
# Benchmarking Stencil3D (4 x 5 x 4)
# #processes = 80
#----------------------------------------------------------------
       #bytes #repetitions      t[usec]   Mbytes/sec      Msg/sec
            0       100000         0.98         0.00     81930614
            1       100000         0.99        81.01     81008351
            2       100000         0.98       162.90     81451891
            4       100000         0.99       324.37     81092107
            8       100000         0.99       647.26     80907027
           16       100000         0.99      1298.46     81153564
           32       100000         1.00      2548.85     79651636
           64       100000         1.02      4996.91     78076718
          128       100000         1.04      9816.77     76693514
          256       100000         1.13     18110.64     70744681
          512       100000         1.18     34683.03     67740301
         1024       100000         1.34     60957.73     59529032
         2048       100000         2.33     70326.42     34339074
         4096       100000         5.21     62836.69     15340988
         8192       100000        10.30     63638.39      7768358
        16384        51200        20.65     63468.01      3873780
        32768        25600        40.88     64127.71      1957022
        65536        12800        81.14     64614.81       985944
       131072         6400       162.06     64700.70       493627
       262144         3200       321.68     65187.47       248670
       524288         1600       647.11     64810.00       123615
      1048576          800      1342.37     62481.49        59587
      2097152          400      2569.70     65261.95        31119
      4194304          200      5156.58     65021.27        15502


# All processes entering MPI_Finalize

