#------------------------------------------------------------
#    Intel(R) MPI Benchmarks 2019 Update 6, IMB-P2P part
#------------------------------------------------------------
# Date                  : Sat Sep 19 16:28:56 2020
# Machine               : x86_64
# System                : Linux
# Release               : 4.18.0-193.19.1.el8_2.x86_64
# Version               : #1 SMP Wed Aug 26 15:29:02 EDT 2020
# MPI Version           : 3.1
# MPI Thread Environment:
#
# Calling sequence was:
#
# IMB-P2P
#
# List of Benchmarks to run:
#
# PingPong
# PingPing
# Unirandom
# Birandom
# Corandom
# Stencil2D
# Stencil3D
#
# Minimum message length in bytes:   0
# Maximum message length in bytes:   4194304
#

#----------------------------------------------------------------
# Benchmarking PingPong
# #processes = 2
#----------------------------------------------------------------
       #bytes #repetitions      t[usec]   Mbytes/sec      Msg/sec
            0       100000         0.99         0.00      1007247
            1       100000         0.99         1.01      1007197
            2       100000         0.99         2.01      1007251
            4       100000         0.99         4.02      1006141
            8       100000         1.00         7.99       998707
           16       100000         1.00        16.04      1002312
           32       100000         1.06        30.29       946592
           64       100000         1.12        57.32       895653
          128       100000         1.17       109.76       857503
          256       100000         1.39       183.69       717551
          512       100000         1.50       341.18       666367
         1024       100000         1.69       604.16       590003
         2048       100000         2.46       832.32       406408
         4096       100000         3.31      1235.86       301722
         8192       100000         4.69      1746.20       213159
        16384        51200         7.25      2260.07       137944
        32768        25600        12.13      2701.29        82437
        65536        12800        17.20      3809.95        58135
       131072         6400        27.45      4774.72        36428
       262144         3200        51.19      5120.77        19534
       524288         1600        87.50      5991.35        11428
      1048576          800       171.15      6125.99         5842
      2097152          400       315.43      6646.81         3169
      4194304          200       625.01      6707.17         1599

#----------------------------------------------------------------
# Benchmarking PingPing
# #processes = 2
#----------------------------------------------------------------
       #bytes #repetitions      t[usec]   Mbytes/sec      Msg/sec
            0       100000         1.08         0.00      1860005
            1       100000         1.08         1.86      1858504
            2       100000         1.08         3.72      1858517
            4       100000         1.08         7.43      1857656
            8       100000         1.08        14.88      1860387
           16       100000         1.08        29.67      1854465
           32       100000         1.14        56.23      1757228
           64       100000         1.20       106.88      1670077
          128       100000         1.24       205.75      1607455
          256       100000         1.58       323.59      1264014
          512       100000         1.68       608.97      1189386
         1024       100000         1.88      1086.81      1061340
         2048       100000         2.79      1470.24       717892
         4096       100000         3.82      2143.30       523268
         8192       100000         5.06      3234.96       394892
        16384        51200         7.40      4425.37       270103
        32768        25600        13.02      5032.87       153591
        65536        12800        18.22      7195.78       109799
       131072         6400        29.49      8889.87        67824
       262144         3200        53.87      9731.56        37123
       524288         1600        99.00     10591.98        20203
      1048576          800       172.85     12132.31        11570
      2097152          400       326.89     12830.57         6118
      4194304          200       651.27     12879.80         3071

#----------------------------------------------------------------
# Benchmarking Unirandom
# #processes = 2
#----------------------------------------------------------------
       #bytes #repetitions      t[usec]   Mbytes/sec      Msg/sec
            0       100000         1.24         0.00      1616036
            1       100000         1.24         1.61      1614426
            2       100000         1.24         3.23      1613575
            4       100000         1.24         6.45      1612189
            8       100000         1.24        12.90      1613059
           16       100000         1.24        25.76      1609784
           32       100000         1.30        49.14      1535555
           64       100000         1.37        93.35      1458619
          128       100000         1.43       179.41      1401629
          256       100000         1.91       268.21      1047708
          512       100000         2.05       498.49       973604
         1024       100000         2.33       877.23       856674
         2048       100000         5.11       802.33       391760
         4096       100000         6.97      1174.99       286862
         8192       100000         9.46      1731.96       211421
        16384        51200        14.02      2337.02       142640
        32768        25600        22.84      2868.97        87554
        65536        12800        31.00      4228.29        64519
       131072         6400        48.50      5405.46        41240
       262144         3200        91.32      5741.26        21901
       524288         1600       151.73      6910.24        13180
      1048576          800       295.15      7104.43         6775
      2097152          400       546.76      7669.07         3657
      4194304          200      1102.70      7602.84         1813

#----------------------------------------------------------------
# Benchmarking Birandom
# #processes = 2
#----------------------------------------------------------------
       #bytes #repetitions      t[usec]   Mbytes/sec      Msg/sec
            0       100000         1.11         0.00      1801567
            1       100000         1.11         1.80      1801593
            2       100000         1.11         3.60      1800122
            4       100000         1.11         7.20      1799467
            8       100000         1.11        14.41      1800966
           16       100000         1.11        28.70      1793726
           32       100000         1.17        54.50      1703192
           64       100000         1.23       103.82      1622254
          128       100000         1.28       199.84      1561276
          256       100000         1.62       316.65      1236904
          512       100000         1.72       596.65      1165341
         1024       100000         1.91      1069.65      1044578
         2048       100000         2.83      1445.63       705873
         4096       100000         3.86      2120.56       517714
         8192       100000         5.12      3202.61       390944
        16384        51200         7.44      4403.92       268794
        32768        25600        12.98      5050.58       154132
        65536        12800        18.23      7189.95       109710
       131072         6400        29.50      8885.12        67788
       262144         3200        53.89      9729.59        37115
       524288         1600        99.00     10591.41        20202
      1048576          800       172.87     12131.46        11569
      2097152          400       326.19     12858.35         6131
      4194304          200       651.10     12883.47         3072

#----------------------------------------------------------------
# Benchmarking Corandom
# #processes = 2
#----------------------------------------------------------------
       #bytes #repetitions      t[usec]   Mbytes/sec      Msg/sec
            0       100000         1.10         0.00      1815547
            1       100000         1.10         1.81      1814894
            2       100000         1.10         3.63      1813974
            4       100000         1.10         7.25      1812658
            8       100000         1.10        14.51      1813667
           16       100000         1.11        28.91      1806873
           32       100000         1.17        54.89      1715198
           64       100000         1.23       104.45      1632014
          128       100000         1.27       201.07      1570877
          256       100000         1.61       318.13      1242699
          512       100000         1.72       595.55      1163178
         1024       100000         1.92      1069.22      1044160
         2048       100000         2.81      1455.07       710482
         4096       100000         3.82      2143.02       523198
         8192       100000         5.13      3194.82       389993
        16384        51200         7.54      4347.96       265378
        32768        25600        13.04      5024.66       153340
        65536        12800        18.05      7261.57       110803
       131072         6400        30.19      8682.27        66240
       262144         3200        53.60      9781.31        37313
       524288         1600        98.99     10592.87        20204
      1048576          800       172.64     12147.73        11585
      2097152          400       324.52     12924.11         6163
      4194304          200       643.14     13042.38         3110

# !! Benchmark Stencil2D is invalid for 2 processes !!

# !! Benchmark Stencil3D is invalid for 2 processes !!


# All processes entering MPI_Finalize

