#------------------------------------------------------------
#    Intel(R) MPI Benchmarks 2019 Update 6, IMB-P2P part
#------------------------------------------------------------
# Date                  : Sat Sep 19 18:15:14 2020
# Machine               : x86_64
# System                : Linux
# Release               : 4.18.0-193.19.1.el8_2.x86_64
# Version               : #1 SMP Wed Aug 26 15:29:02 EDT 2020
# MPI Version           : 3.1
# MPI Thread Environment:
#
# Calling sequence was:
#
# IMB-P2P
#
# List of Benchmarks to run:
#
# PingPong
# PingPing
# Unirandom
# Birandom
# Corandom
# Stencil2D
# Stencil3D
#
# Minimum message length in bytes:   0
# Maximum message length in bytes:   4194304
#

#----------------------------------------------------------------
# Benchmarking PingPong
# #processes = 2
#----------------------------------------------------------------
       #bytes #repetitions      t[usec]   Mbytes/sec      Msg/sec
            0       100000        14.66         0.00        68210
            1       100000        14.51         0.07        68915
            2       100000        14.47         0.14        69092
            4       100000        14.48         0.28        69076
            8       100000        14.44         0.55        69249
           16       100000        14.46         1.11        69158
           32       100000        14.43         2.22        69277
           64       100000        14.50         4.42        68985
          128       100000        14.94         8.56        66912
          256       100000        15.08        16.98        66330
          512       100000        16.76        30.55        59672
         1024       100000        17.06        60.04        58633
         2048       100000        18.35       111.58        54484
         4096       100000        20.66       198.25        48401
         8192       100000        24.23       338.10        41272
        16384        51200        37.20       440.42        26881
        32768        25600        46.20       709.25        21645
        65536        12800        68.49       956.92        14601
       131072         6400       121.35      1080.06         8240
       262144         3200       169.30      1548.43         5907
       524288         1600       269.84      1942.96         3706
      1048576          800       469.84      2231.75         2128
      2097152          400       858.58      2442.49         1165
      4194304          200      1622.40      2584.94          616

#----------------------------------------------------------------
# Benchmarking PingPing
# #processes = 2
#----------------------------------------------------------------
       #bytes #repetitions      t[usec]   Mbytes/sec      Msg/sec
            0       100000        14.98         0.00       133472
            1       100000        14.96         0.13       133717
            2       100000        14.97         0.27       133572
            4       100000        14.93         0.54       133926
            8       100000        14.98         1.07       133551
           16       100000        15.00         2.13       133305
           32       100000        14.98         4.27       133515
           64       100000        15.08         8.49       132620
          128       100000        15.53        16.49       128796
          256       100000        15.61        32.80       128126
          512       100000        17.36        59.00       115227
         1024       100000        17.73       115.52       112817
         2048       100000        18.50       221.44       108124
         4096       100000        20.77       394.43        96296
         8192       100000        24.71       662.97        80929
        16384        51200        39.01       839.93        51265
        32768        25600        51.73      1266.87        38662
        65536        12800        89.17      1469.94        22430
       131072         6400       179.34      1461.71        11152
       262144         3200       207.90      2521.81         9620
       524288         1600       369.87      2834.99         5407
      1048576          800       665.68      3150.34         3004
      2097152          400      1187.88      3530.87         1684
      4194304          200      2315.76      3622.37          864

#----------------------------------------------------------------
# Benchmarking Unirandom
# #processes = 2
#----------------------------------------------------------------
       #bytes #repetitions      t[usec]   Mbytes/sec      Msg/sec
            0       100000        19.78         0.00       101095
            1       100000        19.97         0.10       100166
            2       100000        19.94         0.20       100309
            4       100000        19.94         0.40       100318
            8       100000        19.94         0.80       100318
           16       100000        19.92         1.61       100380
           32       100000        19.93         3.21       100374
           64       100000        19.99         6.40       100048
          128       100000        20.57        12.45        97244
          256       100000        20.88        24.52        95795
          512       100000        23.79        43.05        84078
         1024       100000        24.21        84.58        82600
         2048       100000        25.71       159.34        77804
         4096       100000        28.66       285.85        69788
         8192       100000        33.36       491.16        59956
        16384        51200        51.86       631.82        38564
        32768        25600        72.45       904.55        27605
        65536        12800       119.69      1095.07        16709
       131072         6400       223.29      1174.01         8957
       262144         3200       328.36      1596.67         6091
       524288         1600       518.42      2022.61         3858
      1048576          800       919.45      2280.85         2175
      2097152          400      1651.99      2538.84         1211
      4194304          200      3113.97      2693.54          642

#----------------------------------------------------------------
# Benchmarking Birandom
# #processes = 2
#----------------------------------------------------------------
       #bytes #repetitions      t[usec]   Mbytes/sec      Msg/sec
            0       100000        15.09         0.00       132504
            1       100000        15.08         0.13       132661
            2       100000        15.03         0.27       133041
            4       100000        15.04         0.53       132997
            8       100000        15.00         1.07       133346
           16       100000        15.01         2.13       133214
           32       100000        15.02         4.26       133120
           64       100000        15.11         8.47       132374
          128       100000        15.50        16.52       129026
          256       100000        15.60        32.83       128237
          512       100000        17.34        59.05       115336
         1024       100000        17.69       115.79       113081
         2048       100000        18.48       221.66       108234
         4096       100000        20.72       395.38        96528
         8192       100000        24.70       663.30        80969
        16384        51200        39.00       840.28        51286
        32768        25600        51.84      1264.18        38580
        65536        12800        89.14      1470.44        22437
       131072         6400       178.41      1469.30        11210
       262144         3200       207.98      2520.81         9616
       524288         1600       370.13      2832.98         5403
      1048576          800       665.24      3152.45         3006
      2097152          400      1184.72      3540.33         1688
      4194304          200      2314.15      3624.91          864

#----------------------------------------------------------------
# Benchmarking Corandom
# #processes = 2
#----------------------------------------------------------------
       #bytes #repetitions      t[usec]   Mbytes/sec      Msg/sec
            0       100000        15.06         0.00       132809
            1       100000        15.02         0.13       133199
            2       100000        15.02         0.27       133164
            4       100000        15.07         0.53       132731
            8       100000        15.07         1.06       132725
           16       100000        15.08         2.12       132630
           32       100000        15.01         4.26       133215
           64       100000        15.10         8.47       132414
          128       100000        15.46        16.55       129336
          256       100000        15.58        32.87       128408
          512       100000        17.36        58.99       115224
         1024       100000        17.70       115.73       113022
         2048       100000        18.53       221.09       107953
         4096       100000        20.78       394.30        96265
         8192       100000        24.76       661.65        80768
        16384        51200        39.00       840.30        51288
        32768        25600        51.80      1265.24        38612
        65536        12800        89.12      1470.72        22441
       131072         6400       178.70      1466.94        11192
       262144         3200       207.91      2521.71         9620
       524288         1600       371.64      2821.49         5382
      1048576          800       668.41      3137.49         2992
      2097152          400      1190.82      3522.16         1679
      4194304          200      2305.15      3639.01          868

# !! Benchmark Stencil2D is invalid for 2 processes !!

# !! Benchmark Stencil3D is invalid for 2 processes !!


# All processes entering MPI_Finalize

