#------------------------------------------------------------
#    Intel(R) MPI Benchmarks 2019 Update 6, IMB-P2P part
#------------------------------------------------------------
# Date                  : Sat Sep 19 22:12:33 2020
# Machine               : x86_64
# System                : Linux
# Release               : 4.18.0-193.19.1.el8_2.x86_64
# Version               : #1 SMP Wed Aug 26 15:29:02 EDT 2020
# MPI Version           : 3.1
# MPI Thread Environment:
#
# Calling sequence was:
#
# IMB-P2P
#
# List of Benchmarks to run:
#
# PingPong
# PingPing
# Unirandom
# Birandom
# Corandom
# Stencil2D
# Stencil3D
#
# Minimum message length in bytes:   0
# Maximum message length in bytes:   4194304
#

#----------------------------------------------------------------
# Benchmarking PingPong
# #processes = 80
#----------------------------------------------------------------
       #bytes #repetitions      t[usec]   Mbytes/sec      Msg/sec
            0       100000         1.10         0.00     36263196
            1       100000         1.07        37.17     37168646
            2       100000         1.07        74.09     37044697
            4       100000         1.07       148.65     37163290
            8       100000         1.07       296.70     37087915
           16       100000         1.07       591.61     36975866
           32       100000         1.10      1144.86     35776738
           64       100000         1.20      2106.61     32915760
          128       100000         1.26      4025.35     31448008
          256       100000         1.54      6580.04     25703264
          512       100000         1.69     12048.16     23531560
         1024       100000         1.94     21009.75     20517335
         2048       100000         3.07     26131.95     12759742
         4096       100000         4.43     36677.54      8954477
         8192       100000         7.49     43464.69      5305749
        16384        51200        24.76     25753.18      1571849
        32768        25600        45.14     28385.39       866253
        65536        12800        91.65     27591.22       421009
       131072         6400       140.16     36736.31       280276
       262144         3200       247.62     41763.47       159315
       524288         1600       476.34     43657.77        83271
      1048576          800       926.65     45071.74        42984
      2097152          400      1788.49     46761.11        22297
      4194304          200      3691.24     45295.41        10799

#----------------------------------------------------------------
# Benchmarking PingPing
# #processes = 80
#----------------------------------------------------------------
       #bytes #repetitions      t[usec]   Mbytes/sec      Msg/sec
            0       100000         1.20         0.00     65892507
            1       100000         1.20        65.63     65632414
            2       100000         1.20       131.73     65863073
            4       100000         1.20       263.47     65866899
            8       100000         1.20       527.43     65928321
           16       100000         1.20      1051.46     65716450
           32       100000         1.22      2070.13     64691583
           64       100000         1.32      3816.12     59626889
          128       100000         1.39      7312.77     57130992
          256       100000         1.88     10797.40     42177335
          512       100000         2.08     19492.32     38070947
         1024       100000         2.56     31839.18     31092946
         2048       100000         3.64     44437.64     21698066
         4096       100000         7.01     46576.95     11371325
         8192       100000        13.77     47409.44      5787285
        16384        51200        36.10     35829.53      2186861
        32768        25600        60.95     42503.02      1297089
        65536        12800       109.91     47251.81       721005
       131072         6400       213.37     48805.59       372357
       262144         3200       426.86     49005.01       186939
       524288         1600       853.67     49020.73        93500
      1048576          800      1696.87     49122.82        46847
      2097152          400      3399.72     49206.60        23464
      4194304          200      6808.58     49125.44        11712

#----------------------------------------------------------------
# Benchmarking Unirandom
# #processes = 80
#----------------------------------------------------------------
       #bytes #repetitions      t[usec]   Mbytes/sec      Msg/sec
            0       100000         5.40         0.00     14827298
            1       100000         5.34        14.99     14992772
            2       100000         5.33        30.02     15010455
            4       100000         5.45        58.71     14676704
            8       100000         5.41       118.37     14796511
           16       100000         5.37       238.55     14909377
           32       100000         5.46       469.22     14663058
           64       100000         5.66       904.55     14133621
          128       100000         5.86      1748.64     13661271
          256       100000         6.24      3284.13     12828630
          512       100000         6.84      5984.49     11688467
         1024       100000         7.36     11123.89     10863177
         2048       100000         9.76     16785.32      8195958
         4096       100000        13.26     24716.48      6034297
         8192       100000        21.44     30561.08      3730600
        16384        51200        66.57     19689.90      1201776
        32768        25600        98.99     26480.77       808129
        65536        12800       162.95     32172.21       490909
       131072         6400       313.48     33444.18       255159
       262144         3200       573.18     36576.38       139528
       524288         1600      1141.03     36735.08        70067
      1048576          800      2290.55     36583.47        34889
      2097152          400      4508.42     37116.16        17698
      4194304          200      9395.83     35568.84         8480

#----------------------------------------------------------------
# Benchmarking Birandom
# #processes = 80
#----------------------------------------------------------------
       #bytes #repetitions      t[usec]   Mbytes/sec      Msg/sec
            0       100000         5.43         0.00     14740077
            1       100000         5.34        14.99     14991364
            2       100000         5.33        30.02     15011345
            4       100000         5.37        59.63     14908284
            8       100000         5.36       119.45     14931739
           16       100000         5.46       234.48     14654921
           32       100000         5.43       471.50     14734441
           64       100000         5.68       900.97     14077677
          128       100000         5.93      1726.36     13487186
          256       100000         6.27      3265.43     12755582
          512       100000         7.00      5852.28     11430241
         1024       100000         7.49     10944.27     10687766
         2048       100000         9.89     16568.66      8090167
         4096       100000        13.25     24731.03      6037849
         8192       100000        20.83     31458.77      3840182
        16384        51200        50.34     26038.50      1589264
        32768        25600        82.29     31852.97       972076
        65536        12800       146.77     35718.43       545020
       131072         6400       282.39     37128.21       283266
       262144         3200       561.84     37317.69       142356
       524288         1600      1129.31     37120.76        70802
      1048576          800      2188.16     38305.91        36531
      2097152          400      4572.60     36617.36        17461
      4194304          200      9307.56     35938.62         8568

#----------------------------------------------------------------
# Benchmarking Corandom
# #processes = 80
#----------------------------------------------------------------
       #bytes #repetitions      t[usec]   Mbytes/sec      Msg/sec
            0       100000         3.22         0.00     24850942
            1       100000         3.21        24.95     24949406
            2       100000         3.09        51.79     25893296
            4       100000         3.09       103.67     25916426
            8       100000         3.09       206.83     25854241
           16       100000         3.09       414.20     25887218
           32       100000         3.16       809.29     25290173
           64       100000         3.27      1564.59     24446725
          128       100000         3.34      3069.37     23979427
          256       100000         3.65      5606.60     21900800
          512       100000         3.74     10945.26     21377465
         1024       100000         3.98     20581.46     20099086
         2048       100000         5.27     31097.56     15184357
         4096       100000         8.74     37494.90      9154029
         8192       100000        16.55     39605.30      4834631
        16384        51200        36.04     36370.59      2219885
        32768        25600        66.28     39552.34      1207042
        65536        12800       131.51     39866.26       608311
       131072         6400       273.43     38345.88       292556
       262144         3200       504.01     41602.76       158702
       524288         1600      1030.41     40698.17        77626
      1048576          800      2098.52     39954.19        38103
      2097152          400      3943.95     42502.27        20267
      4194304          200      7952.77     42124.23        10043

#----------------------------------------------------------------
# Benchmarking Stencil2D (8 x 10)
# #processes = 80
#----------------------------------------------------------------
       #bytes #repetitions      t[usec]   Mbytes/sec      Msg/sec
            0       100000         1.25         0.00     63992335
            1       100000         1.26        63.47     63465750
            2       100000         1.24       128.80     64402470
            4       100000         1.25       255.77     63941411
            8       100000         1.25       511.61     63950661
           16       100000         1.27      1010.47     63154598
           32       100000         1.26      2026.23     63319698
           64       100000         1.29      3970.47     62038669
          128       100000         1.33      7679.89     59999121
          256       100000         1.44     14265.04     55722826
          512       100000         1.52     27001.39     52737093
         1024       100000         1.63     50263.71     49085656
         2048       100000         2.02     81180.15     39638746
         4096       100000         4.17     78501.64     19165439
         8192       100000         8.05     81393.28      9935703
        16384        51200        16.74     78307.55      4779514
        32768        25600        31.81     82408.76      2514916
        65536        12800        62.90     83347.17      1271777
       131072         6400       123.98     84557.37       645122
       262144         3200       245.12     85531.54       326277
       524288         1600       568.83     73712.89       140596
      1048576          800      1239.83     67650.76        64517
      2097152          400      2376.37     70578.21        33654
      4194304          200      4811.64     69679.01        16613

#----------------------------------------------------------------
# Benchmarking Stencil3D (4 x 5 x 4)
# #processes = 80
#----------------------------------------------------------------
       #bytes #repetitions      t[usec]   Mbytes/sec      Msg/sec
            0       100000         0.99         0.00     80850018
            1       100000         0.98        81.36     81358117
            2       100000         0.98       163.09     81545581
            4       100000         0.99       322.62     80654604
            8       100000         0.99       644.16     80520018
           16       100000         0.98      1301.84     81364999
           32       100000         1.03      2493.07     77908453
           64       100000         1.02      4999.45     78116472
          128       100000         1.05      9724.11     75969621
          256       100000         1.13     18171.77     70983492
          512       100000         1.17     34964.39     68289818
         1024       100000         1.38     59291.17     57901537
         2048       100000         2.43     67472.19     32945403
         4096       100000         5.28     62084.18     15157271
         8192       100000        10.62     61733.31      7535805
        16384        51200        21.15     61983.48      3783171
        32768        25600        41.58     63039.29      1923806
        65536        12800        82.63     63446.18       968112
       131072         6400       166.50     62969.68       480421
       262144         3200       328.33     63866.38       243631
       524288         1600       662.37     63315.14       120764
      1048576          800      1379.47     60800.38        57984
      2097152          400      2624.20     63904.40        30472
      4194304          200      5279.15     63478.30        15134


# All processes entering MPI_Finalize

