#------------------------------------------------------------
#    Intel(R) MPI Benchmarks 2019 Update 6, IMB-P2P part
#------------------------------------------------------------
# Date                  : Sat Sep 19 16:35:31 2020
# Machine               : x86_64
# System                : Linux
# Release               : 4.18.0-193.19.1.el8_2.x86_64
# Version               : #1 SMP Wed Aug 26 15:29:02 EDT 2020
# MPI Version           : 3.1
# MPI Thread Environment:
#
# Calling sequence was:
#
# IMB-P2P
#
# List of Benchmarks to run:
#
# PingPong
# PingPing
# Unirandom
# Birandom
# Corandom
# Stencil2D
# Stencil3D
#
# Minimum message length in bytes:   0
# Maximum message length in bytes:   4194304
#

#----------------------------------------------------------------
# Benchmarking PingPong
# #processes = 2
#----------------------------------------------------------------
       #bytes #repetitions      t[usec]   Mbytes/sec      Msg/sec
            0       100000        17.54         0.00        57003
            1       100000        17.38         0.06        57526
            2       100000        17.37         0.12        57559
            4       100000        17.35         0.23        57640
            8       100000        17.36         0.46        57594
           16       100000        17.38         0.92        57552
           32       100000        17.39         1.84        57506
           64       100000        17.47         3.66        57226
          128       100000        17.51         7.31        57099
          256       100000        17.58        14.56        56891
          512       100000        19.25        26.59        51941
         1024       100000        19.74        51.87        50650
         2048       100000        21.05        97.27        47495
         4096       100000        24.28       168.67        41179
         8192       100000        29.15       281.05        34307
        16384        51200        70.26       233.20        14233
        32768        25600        74.93       437.34        13347
        65536        12800       124.69       525.58         8020
       131072         6400       145.75       899.24         6861
       262144         3200       244.42      1072.50         4091
       524288         1600       405.18      1293.97         2468
      1048576          800       610.08      1718.73         1639
      2097152          400      1064.68      1969.70          939
      4194304          200      2032.76      2063.20          492

#----------------------------------------------------------------
# Benchmarking PingPing
# #processes = 2
#----------------------------------------------------------------
       #bytes #repetitions      t[usec]   Mbytes/sec      Msg/sec
            0       100000        35.09         0.00        56995
            1       100000        74.38         0.03        26890
            2       100000        54.64         0.07        36600
            4       100000        35.01         0.23        57120
            8       100000        39.43         0.41        50717
           16       100000        52.16         0.61        38342
           32       100000        43.00         1.49        46509
           64       100000        46.38         2.76        43120
          128       100000        61.93         4.13        32293
          256       100000        68.87         7.43        29042
          512       100000        42.60        24.04        46947
         1024       100000        57.38        35.69        34857
         2048       100000        48.63        84.23        41126
         4096       100000        46.93       174.57        42619
         8192       100000        48.89       335.15        40912
        16384        51200        73.16       447.87        27336
        32768        25600        94.17       695.90        21237
        65536        12800       126.61      1035.20        15796
       131072         6400       163.45      1603.78        12236
       262144         3200       293.31      1787.50         6819
       524288         1600       428.69      2445.95         4665
      1048576          800       688.82      3044.53         2903
      2097152          400      1389.44      3018.58         1439
      4194304          200      2803.29      2992.30          713

#----------------------------------------------------------------
# Benchmarking Unirandom
# #processes = 2
#----------------------------------------------------------------
       #bytes #repetitions      t[usec]   Mbytes/sec      Msg/sec
            0       100000        48.36         0.00        41354
            1       100000        50.09         0.04        39932
            2       100000        49.22         0.08        40638
            4       100000        49.06         0.16        40764
            8       100000        49.25         0.32        40606
           16       100000        48.60         0.66        41154
           32       100000        49.26         1.30        40603
           64       100000        49.84         2.57        40130
          128       100000        49.89         5.13        40092
          256       100000        50.84        10.07        39335
          512       100000        51.08        20.05        39155
         1024       100000        44.62        45.90        44822
         2048       100000        45.57        89.88        43887
         4096       100000        49.05       167.02        40776
         8192       100000        55.50       295.23        36039
        16384        51200        91.60       357.72        21833
        32768        25600       112.79       581.03        17732
        65536        12800       161.72       810.48        12367
       131072         6400       245.24      1068.91         8155
       262144         3200       500.80      1046.88         3994
       524288         1600       706.99      1483.14         2829
      1048576          800      1213.81      1727.74         1648
      2097152          400      2095.71      2001.33          954
      4194304          200      4011.30      2091.06          499

#----------------------------------------------------------------
# Benchmarking Birandom
# #processes = 2
#----------------------------------------------------------------
       #bytes #repetitions      t[usec]   Mbytes/sec      Msg/sec
            0       100000        49.91         0.00        40071
            1       100000        55.60         0.04        35974
            2       100000        48.48         0.08        41252
            4       100000        37.01         0.22        54041
            8       100000        34.36         0.47        58214
           16       100000        53.65         0.60        37276
           32       100000        40.18         1.59        49779
           64       100000        61.82         2.07        32351
          128       100000        49.97         5.12        40024
          256       100000        60.48         8.47        33071
          512       100000        77.92        13.14        25667
         1024       100000        56.83        36.04        35192
         2048       100000        48.48        84.48        41251
         4096       100000        46.93       174.55        42614
         8192       100000        48.89       335.15        40912
        16384        51200        71.15       460.52        28108
        32768        25600        97.28       673.66        20558
        65536        12800       126.52      1035.99        15808
       131072         6400       162.79      1610.29        12286
       262144         3200       293.30      1787.55         6819
       524288         1600       430.13      2437.82         4650
      1048576          800       688.69      3045.12         2904
      2097152          400      1397.87      3000.45         1431
      4194304          200      2818.34      2976.38          710

#----------------------------------------------------------------
# Benchmarking Corandom
# #processes = 2
#----------------------------------------------------------------
       #bytes #repetitions      t[usec]   Mbytes/sec      Msg/sec
            0       100000        36.22         0.00        55220
            1       100000        46.81         0.04        42724
            2       100000        52.58         0.08        38040
            4       100000        41.96         0.19        47661
            8       100000        47.20         0.34        42371
           16       100000        33.14         0.97        60358
           32       100000        50.71         1.26        39444
           64       100000        32.66         3.92        61229
          128       100000        32.59         7.86        61368
          256       100000        46.92        10.91        42623
          512       100000        68.62        14.92        29147
         1024       100000        41.67        49.15        47998
         2048       100000        46.88        87.37        42659
         4096       100000        45.43       180.32        44025
         8192       100000        48.89       335.15        40912
        16384        51200        72.83       449.94        27462
        32768        25600        95.25       688.05        20998
        65536        12800       126.65      1034.88        15791
       131072         6400       163.26      1605.60        12250
       262144         3200       293.31      1787.50         6819
       524288         1600       429.46      2441.58         4657
      1048576          800       689.76      3040.38         2900
      2097152          400      1402.25      2991.01         1426
      4194304          200      2816.38      2978.43          710

# !! Benchmark Stencil2D is invalid for 2 processes !!

# !! Benchmark Stencil3D is invalid for 2 processes !!


# All processes entering MPI_Finalize

