#------------------------------------------------------------
#    Intel(R) MPI Benchmarks 2019 Update 6, IMB-P2P part
#------------------------------------------------------------
# Date                  : Sun Nov 15 03:58:54 2020
# Machine               : x86_64
# System                : Linux
# Release               : 4.18.0-193.19.1.el8_2.x86_64
# Version               : #1 SMP Wed Aug 26 15:29:02 EDT 2020
# MPI Version           : 3.1
# MPI Thread Environment:
#
# Calling sequence was:
#
# IMB-P2P
#
# List of Benchmarks to run:
#
# PingPong
# PingPing
# Unirandom
# Birandom
# Corandom
# Stencil2D
# Stencil3D
#
# Minimum message length in bytes:   0
# Maximum message length in bytes:   4194304
#

#----------------------------------------------------------------
# Benchmarking PingPong
# #processes = 56
#----------------------------------------------------------------
       #bytes #repetitions      t[usec]   Mbytes/sec      Msg/sec
            0       100000         7.42         0.00      3756456
            1       100000         6.68         4.18      4175000
            2       100000         6.62         8.42      4207832
            4       100000         6.63        16.83      4206526
            8       100000         6.65        33.54      4192742
           16       100000         6.65        67.05      4190885
           32       100000         6.67       133.78      4180617
           64       100000         6.87       259.63      4056739
          128       100000         7.21       493.74      3857355
          256       100000         7.56       941.91      3679353
          512       100000         7.64      1860.39      3633573
         1024       100000         7.96      3568.48      3484848
         2048       100000         9.65      5898.04      2879903
         4096       100000        13.70      8336.31      2035232
         8192       100000        22.08     10358.76      1264497
        16384        51200        43.90     10447.16       637644
        32768        25600        85.31     10753.06       328157
        65536        12800       233.35      7757.92       118377
       131072         6400       317.11     11095.81        84654
       262144         3200       619.20     11526.19        43969
       524288         1600      1214.76     11877.35        22654
      1048576          800      2416.20     12013.30        11457
      2097152          400      4937.75     11746.37         5601
      4194304          200     11324.16     10180.30         2427

#----------------------------------------------------------------
# Benchmarking PingPing
# #processes = 56
#----------------------------------------------------------------
       #bytes #repetitions      t[usec]   Mbytes/sec      Msg/sec
            0       100000         8.23         0.00      6778371
            1       100000         8.27         6.74      6741718
            2       100000         8.24        13.53      6764942
            4       100000         8.27        26.97      6743014
            8       100000         8.27        53.94      6742803
           16       100000         8.30       107.48      6717764
           32       100000         8.30       215.08      6721116
           64       100000         8.59       415.48      6491809
          128       100000         9.42       756.39      5909274
          256       100000         9.97      1430.01      5585959
          512       100000        10.46      2724.52      5321318
         1024       100000        11.79      4836.81      4723451
         2048       100000        15.82      7218.68      3524747
         4096       100000        24.51      9336.81      2279495
         8192       100000        43.99     10414.40      1271289
        16384        51200        85.23     10758.87       656669
        32768        25600       171.15     10716.38       327038
        65536        12800       344.77     10637.33       162313
       131072         6400       622.49     11375.51        86788
       262144         3200      1231.73     11609.95        44288
       524288         1600      2436.73     11856.10        22614
      1048576          800      4844.40     11996.00        11440
      2097152          400      9715.64     12034.17         5738
      4194304          200     20033.51     11684.92         2786

#----------------------------------------------------------------
# Benchmarking Unirandom
# #processes = 56
#----------------------------------------------------------------
       #bytes #repetitions      t[usec]   Mbytes/sec      Msg/sec
            0       100000         9.56         0.00      5856635
            1       100000         9.54         5.87      5869402
            2       100000         9.53        11.75      5876173
            4       100000         9.53        23.50      5875315
            8       100000         9.57        46.80      5850467
           16       100000         9.57        93.61      5850586
           32       100000         9.59       186.79      5837039
           64       100000         9.80       365.88      5716931
          128       100000        11.83       606.07      4734885
          256       100000        12.32      1163.54      4545095
          512       100000        12.80      2240.67      4376300
         1024       100000        13.71      4181.83      4083819
         2048       100000        16.09      7127.58      3480262
         4096       100000        21.43     10703.72      2613212
         8192       100000        32.33     14188.30      1731970
        16384        51200        54.70     16772.61      1023719
        32768        25600       100.25     18302.89       558560
        65536        12800       216.28     16967.24       258899
       131072         6400       407.93     17990.66       137258
       262144         3200       766.09     19157.17        73079
       524288         1600      1495.77     19618.07        37419
      1048576          800      2988.67     19622.26        18713
      2097152          400      6066.39     19312.58         9209
      4194304          200     12150.68     19242.92         4588

#----------------------------------------------------------------
# Benchmarking Birandom
# #processes = 56
#----------------------------------------------------------------
       #bytes #repetitions      t[usec]   Mbytes/sec      Msg/sec
            0       100000        10.32         0.00      5426987
            1       100000        10.29         5.44      5439968
            2       100000        10.28        10.89      5445454
            4       100000        10.30        21.75      5436679
            8       100000        10.33        43.38      5422209
           16       100000        10.34        86.64      5415247
           32       100000        10.36       173.01      5406596
           64       100000        10.60       338.26      5285324
          128       100000        12.37       579.26      4525454
          256       100000        12.94      1107.85      4327548
          512       100000        13.42      2136.67      4173180
         1024       100000        14.38      3987.62      3894163
         2048       100000        16.56      6923.86      3380791
         4096       100000        21.69     10573.58      2581441
         8192       100000        32.57     14084.38      1719284
        16384        51200        59.44     15434.38       942040
        32768        25600       100.30     18294.43       558302
        65536        12800       215.58     17023.49       259758
       131072         6400       354.52     20701.91       157943
       262144         3200       679.74     21592.64        82369
       524288         1600      1324.19     22162.31        42271
      1048576          800      2653.16     22112.10        21088
      2097152          400      5400.68     21712.32        10353
      4194304          200     10938.84     21403.48         5103

#----------------------------------------------------------------
# Benchmarking Corandom
# #processes = 56
#----------------------------------------------------------------
       #bytes #repetitions      t[usec]   Mbytes/sec      Msg/sec
            0       100000        10.26         0.00      5460367
            1       100000        10.23         5.48      5476507
            2       100000        10.22        10.96      5477755
            4       100000        10.21        21.94      5484571
            8       100000        10.26        43.68      5459643
           16       100000        10.26        87.33      5458136
           32       100000        10.29       174.18      5443026
           64       100000        10.52       340.64      5322532
          128       100000        11.79       608.02      4750159
          256       100000        12.47      1149.31      4489506
          512       100000        12.44      2304.92      4501797
         1024       100000        12.88      4450.72      4346411
         2048       100000        14.80      7750.73      3784538
         4096       100000        20.28     11311.70      2761645
         8192       100000        31.31     14651.64      1788530
        16384        51200        53.76     17067.39      1041711
        32768        25600        98.56     18617.23       568153
        65536        12800       197.47     18584.29       283574
       131072         6400       351.75     20865.69       159193
       262144         3200       674.96     21746.33        82956
       524288         1600      1313.59     22345.85        42621
      1048576          800      2620.62     22392.59        21355
      2097152          400      5394.64     21744.54        10369
      4194304          200     10745.06     21827.24         5204

#----------------------------------------------------------------
# Benchmarking Stencil2D (8 x 7)
# #processes = 56
#----------------------------------------------------------------
       #bytes #repetitions      t[usec]   Mbytes/sec      Msg/sec
            0       100000         2.16         0.00     25947171
            1       100000         2.15        26.08     26078000
            2       100000         2.14        52.24     26121056
            4       100000         2.15       104.26     26065966
            8       100000         2.15       208.33     26040789
           16       100000         2.15       416.12     26007540
           32       100000         2.16       830.38     25949445
           64       100000         2.23      1610.46     25163473
          128       100000         2.31      3098.03     24203351
          256       100000         2.45      5858.38     22884287
          512       100000         2.49     11531.33     22522126
         1024       100000         2.50     22945.88     22408086
         2048       100000         2.92     39304.65     19191724
         4096       100000         3.82     60049.48     14660518
         8192       100000         5.50     83370.80     10177099
        16384        51200        10.97     83606.18      5102916
        32768        25600        22.40     81911.64      2499745
        65536        12800        45.57     80524.08      1228700
       131072         6400        82.77     88667.84       676482
       262144         3200       245.43     59797.34       228109
       524288         1600       875.31     33525.26        63944
      1048576          800      1791.80     32738.78        31222
      2097152          400      3668.16     31964.03        15242
      4194304          200      6980.55     33583.31         8007

#----------------------------------------------------------------
# Benchmarking Stencil3D (2 x 4 x 7)
# #processes = 56
#----------------------------------------------------------------
       #bytes #repetitions      t[usec]   Mbytes/sec      Msg/sec
            0       100000         5.81         0.00      9632898
            1       100000         5.79         9.66      9664099
            2       100000         5.78        19.36      9680744
            4       100000         5.79        38.72      9679427
            8       100000         5.82        76.98      9622899
           16       100000         6.03       148.58      9286089
           32       100000         6.03       297.28      9290120
           64       100000         5.96       601.12      9392529
          128       100000         6.27      1142.61      8926647
          256       100000         6.63      2162.30      8446487
          512       100000         6.67      4296.97      8392526
         1024       100000         6.78      8460.40      8262113
         2048       100000         7.59     15110.59      7378217
         4096       100000        10.12     22666.00      5533692
         8192       100000        14.87     30848.04      3765630
        16384        51200        29.63     30967.56      1890110
        32768        25600        61.52     29826.51       910233
        65536        12800       123.19     29791.22       454578
       131072         6400       222.61     32971.05       251549
       262144         3200       463.48     31669.41       120809
       524288         1600       961.77     30519.61        58212
      1048576          800      1871.62     31357.80        29905
      2097152          400      3785.33     31002.98        14783
      4194304          200      7386.65     31742.30         7568


# All processes entering MPI_Finalize

