#------------------------------------------------------------
#    Intel(R) MPI Benchmarks 2019 Update 6, IMB-P2P part
#------------------------------------------------------------
# Date                  : Sun Nov 15 03:55:54 2020
# Machine               : x86_64
# System                : Linux
# Release               : 4.18.0-193.19.1.el8_2.x86_64
# Version               : #1 SMP Wed Aug 26 15:29:02 EDT 2020
# MPI Version           : 3.1
# MPI Thread Environment:
#
# Calling sequence was:
#
# IMB-P2P
#
# List of Benchmarks to run:
#
# PingPong
# PingPing
# Unirandom
# Birandom
# Corandom
# Stencil2D
# Stencil3D
#
# Minimum message length in bytes:   0
# Maximum message length in bytes:   4194304
#

#----------------------------------------------------------------
# Benchmarking PingPong
# #processes = 2
#----------------------------------------------------------------
       #bytes #repetitions      t[usec]   Mbytes/sec      Msg/sec
            0       100000         1.91         0.00       523221
            1       100000         1.80         0.56       555942
            2       100000         1.73         1.15       577387
            4       100000         1.65         2.42       605790
            8       100000         1.63         4.91       613174
           16       100000         1.61         9.95       622020
           32       100000         1.58        20.30       634321
           64       100000         1.72        37.25       581963
          128       100000         2.71        47.25       369147
          256       100000         2.85        89.95       351359
          512       100000         2.95       173.33       338527
         1024       100000         3.33       307.27       300070
         2048       100000         4.04       506.32       247225
         4096       100000         4.89       838.11       204617
         8192       100000         6.59      1243.32       151772
        16384        51200         8.99      1821.78       111193
        32768        25600        13.92      2354.34        71849
        65536        12800        24.25      2702.72        41240
       131072         6400        45.70      2868.27        21883
       262144         3200        97.82      2679.80        10223
       524288         1600       189.68      2763.86         5272
      1048576          800       374.25      2801.53         2672
      2097152          400       739.39      2835.72         1352
      4194304          200      1426.50      2939.03          701

#----------------------------------------------------------------
# Benchmarking PingPing
# #processes = 2
#----------------------------------------------------------------
       #bytes #repetitions      t[usec]   Mbytes/sec      Msg/sec
            0       100000         1.62         0.00      1233808
            1       100000         1.63         1.23      1227531
            2       100000         1.80         2.22      1109917
            4       100000         1.89         4.24      1058792
            8       100000         2.06         7.77       970700
           16       100000         2.07        15.47       966677
           32       100000         2.14        29.94       935780
           64       100000         2.35        54.40       850048
          128       100000         3.60        71.07       555217
          256       100000         3.70       138.22       539910
          512       100000         3.88       263.69       515013
         1024       100000         4.09       500.51       488783
         2048       100000         4.55       900.01       439456
         4096       100000         5.37      1524.46       372182
         8192       100000         7.32      2239.40       273364
        16384        51200         9.97      3285.68       200542
        32768        25600        14.60      4489.72       137015
        65536        12800        25.38      5163.56        78790
       131072         6400        47.31      5541.22        42276
       262144         3200       101.65      5157.67        19675
       524288         1600       222.76      4707.05         8978
      1048576          800       523.31      4007.22         3822
      2097152          400      1020.99      4107.48         1959
      4194304          200      1794.29      4674.31         1114

#----------------------------------------------------------------
# Benchmarking Unirandom
# #processes = 2
#----------------------------------------------------------------
       #bytes #repetitions      t[usec]   Mbytes/sec      Msg/sec
            0       100000         2.17         0.00       921869
            1       100000         2.28         0.88       876130
            2       100000         2.38         1.68       839477
            4       100000         2.38         3.36       840629
            8       100000         2.45         6.53       815813
           16       100000         2.51        12.77       798051
           32       100000         2.55        25.09       784200
           64       100000         2.86        44.75       699171
          128       100000         4.03        63.57       496672
          256       100000         4.06       126.09       492548
          512       100000         3.84       266.67       520840
         1024       100000         4.33       472.54       461465
         2048       100000         5.30       773.06       377471
         4096       100000         6.38      1284.94       313705
         8192       100000        12.18      1345.38       164231
        16384        51200        16.87      1942.74       118575
        32768        25600        26.55      2468.33        75327
        65536        12800        46.15      2839.91        43334
       131072         6400        85.59      3062.75        23367
       262144         3200       181.55      2887.83        11016
       524288         1600       348.49      3008.71         5739
      1048576          800       661.32      3170.82         3024
      2097152          400      1293.80      3241.14         1545
      4194304          200      2609.91      3212.69          766

#----------------------------------------------------------------
# Benchmarking Birandom
# #processes = 2
#----------------------------------------------------------------
       #bytes #repetitions      t[usec]   Mbytes/sec      Msg/sec
            0       100000         1.64         0.00      1220800
            1       100000         1.62         1.23      1232140
            2       100000         1.66         2.41      1204711
            4       100000         1.63         4.90      1223760
            8       100000         1.65         9.67      1209244
           16       100000         1.63        19.58      1223912
           32       100000         1.67        38.26      1195745
           64       100000         1.79        71.39      1115440
          128       100000         2.84        90.04       703472
          256       100000         3.02       169.80       663279
          512       100000         3.17       323.47       631773
         1024       100000         3.63       564.82       551587
         2048       100000         4.27       959.02       468271
         4096       100000         5.12      1601.09       390890
         8192       100000         7.07      2316.18       282737
        16384        51200         9.72      3370.77       205735
        32768        25600        14.49      4523.81       138056
        65536        12800        25.13      5215.57        79583
       131072         6400        46.71      5611.98        42816
       262144         3200       100.61      5211.07        19879
       524288         1600       192.92      5435.29        10367
      1048576          800       375.38      5586.67         5328
      2097152          400       739.97      5668.13         2703
      4194304          200      1472.26      5697.71         1358

#----------------------------------------------------------------
# Benchmarking Corandom
# #processes = 2
#----------------------------------------------------------------
       #bytes #repetitions      t[usec]   Mbytes/sec      Msg/sec
            0       100000         1.67         0.00      1200747
            1       100000         1.81         1.10      1103709
            2       100000         1.89         2.12      1060971
            4       100000         1.97         4.07      1017315
            8       100000         2.11         7.60       950060
           16       100000         2.17        14.77       923029
           32       100000         2.24        28.58       893060
           64       100000         2.41        53.11       829806
          128       100000         3.68        69.58       543597
          256       100000         3.75       136.51       533257
          512       100000         3.77       271.32       529930
         1024       100000         3.96       517.49       505358
         2048       100000         4.68       875.56       427518
         4096       100000         5.31      1543.12       376739
         8192       100000         7.34      2233.20       272607
        16384        51200         9.84      3330.95       203305
        32768        25600        14.89      4401.47       134322
        65536        12800        25.74      5092.15        77700
       131072         6400        46.95      5583.99        42602
       262144         3200       101.71      5154.76        19664
       524288         1600       196.04      5348.68        10202
      1048576          800       380.93      5505.38         5250
      2097152          400       752.12      5576.63         2659
      4194304          200      1477.49      5677.61         1354

# !! Benchmark Stencil2D is invalid for 2 processes !!

# !! Benchmark Stencil3D is invalid for 2 processes !!


# All processes entering MPI_Finalize

