#------------------------------------------------------------
#    Intel(R) MPI Benchmarks 2019 Update 6, IMB-P2P part
#------------------------------------------------------------
# Date                  : Sat Nov 14 20:20:48 2020
# Machine               : x86_64
# System                : Linux
# Release               : 4.18.0-193.19.1.el8_2.x86_64
# Version               : #1 SMP Wed Aug 26 15:29:02 EDT 2020
# MPI Version           : 3.1
# MPI Thread Environment:
#
# Calling sequence was:
#
# IMB-P2P
#
# List of Benchmarks to run:
#
# PingPong
# PingPing
# Unirandom
# Birandom
# Corandom
# Stencil2D
# Stencil3D
#
# Minimum message length in bytes:   0
# Maximum message length in bytes:   4194304
#

#----------------------------------------------------------------
# Benchmarking PingPong
# #processes = 56
#----------------------------------------------------------------
       #bytes #repetitions      t[usec]   Mbytes/sec      Msg/sec
            0       100000      1132.25         0.00        24405
            1       100000      1121.06         0.02        24643
            2       100000      1124.11         0.05        24586
            4       100000      1155.59         0.10        23914
            8       100000      1158.18         0.19        23868
           16       100000      1147.77         0.39        24079
           32       100000      1162.83         0.76        23760
           64       100000      1153.52         1.53        23941
          128       100000      1173.23         3.01        23505
          256       100000      1111.01         6.35        24786
          512       100000       318.82        44.26        86436
         1024       100000       127.82       223.46       218221
         2048       100000       127.06       447.05       218284
         4096       100000       129.08       884.49       215941
         8192       100000       153.24      1378.74       168303
        16384        51200      2273.94       195.86        11955
        32768        25600      3444.05       260.78         7958
        65536        12800      3454.07       511.08         7798
       131072         6400      5729.07       619.81         4729
       262144         3200      8395.94       856.94         3269
       524288         1600     14546.21       978.63         1867
      1048576          800     21691.16      1301.96         1242
      2097152          400     36280.87      1531.72          730
      4194304          200     75531.57      1457.55          348

#----------------------------------------------------------------
# Benchmarking PingPing
# #processes = 56
#----------------------------------------------------------------
       #bytes #repetitions      t[usec]   Mbytes/sec      Msg/sec
            0       100000      1445.26         0.00        38272
            1       100000      1442.13         0.04        38360
            2       100000      1459.28         0.08        37916
            4       100000      1435.77         0.15        38524
            8       100000      1464.53         0.30        37780
           16       100000      1453.67         0.61        38056
           32       100000      1447.55         1.22        38189
           64       100000      1435.98         2.46        38506
          128       100000      1416.62         4.97        38864
          256       100000      1412.13         9.96        38895
          512       100000      1375.49        20.40        39844
         1024       100000      1389.47        40.29        39347
         2048       100000      1459.37        76.70        37450
         4096       100000      1523.96       146.92        35869
         8192       100000       190.86      1930.85       235700
        16384        51200      2570.75       345.76        21104
        32768        25600      3995.23       441.72        13480
        65536        12800      7982.05       442.30         6749
       131072         6400     13129.73       541.92         4135
       262144         3200     22212.91       636.52         2428
       524288         1600     53961.54       532.78         1016
      1048576          800    115583.63       499.68          477
      2097152          400    216945.21       531.96          254
      4194304          200    412930.80       559.23          133

#----------------------------------------------------------------
# Benchmarking Unirandom
# #processes = 56
#----------------------------------------------------------------
       #bytes #repetitions      t[usec]   Mbytes/sec      Msg/sec
            0       100000      1864.52         0.00        30034
            1       100000      1868.88         0.03        29963
            2       100000      1877.68         0.06        29824
            4       100000      1873.48         0.12        29890
            8       100000      1886.75         0.24        29681
           16       100000      1860.18         0.48        30103
           32       100000      1804.78         0.99        31028
           64       100000      1738.27         2.06        32216
          128       100000       812.00         8.83        68965
          256       100000      1642.03         8.73        34102
          512       100000       882.52        32.49        63451
         1024       100000       725.45        79.05        77193
         2048       100000       600.96       190.82        93175
         4096       100000       445.64       514.70       125659
         8192       100000       399.82      1147.39       140062
        16384        51200      3420.04       268.26        16373
        32768        25600      3767.17       487.09        14865
        65536        12800     12198.89       300.84         4590
       131072         6400     15390.83       476.89         3638
       262144         3200      4876.69      3009.56        11481
       524288         1600      8946.49      3280.34         6257
      1048576          800     16615.73      3530.82         3367
      2097152          400     31928.13      3672.76         1751
      4194304          200     58610.12      3992.05          952

#----------------------------------------------------------------
# Benchmarking Birandom
# #processes = 56
#----------------------------------------------------------------
       #bytes #repetitions      t[usec]   Mbytes/sec      Msg/sec
            0       100000      1451.88         0.00        38570
            1       100000      1461.57         0.04        38314
            2       100000      1462.36         0.08        38294
            4       100000      1452.57         0.15        38552
            8       100000      1471.35         0.30        38060
           16       100000      1380.36         0.65        40569
           32       100000      1074.04         1.67        52139
           64       100000       888.16         4.04        63052
          128       100000       524.00        13.68       106870
          256       100000       391.34        36.63       143098
          512       100000       379.50        75.55       147562
         1024       100000       349.36       164.14       160291
         2048       100000       320.50       357.80       174707
         4096       100000       359.98       637.19       155564
         8192       100000       366.88      1250.40       152637
        16384        51200      3223.61       284.62        17372
        32768        25600      2930.87       626.09        19107
        65536        12800      6722.24       545.94         8330
       131072         6400     11506.46       637.89         4867
       262144         3200      4343.98      3378.64        12888
       524288         1600      7982.75      3676.60         7013
      1048576          800     16065.12      3652.43         3483
      2097152          400     29761.90      3939.19         1878
      4194304          200     58684.46      3990.03          951

#----------------------------------------------------------------
# Benchmarking Corandom
# #processes = 56
#----------------------------------------------------------------
       #bytes #repetitions      t[usec]   Mbytes/sec      Msg/sec
            0       100000      1523.79         0.00        36750
            1       100000      1522.14         0.04        36789
            2       100000      1531.69         0.07        36561
            4       100000      1526.44         0.15        36687
            8       100000      1536.53         0.29        36445
           16       100000      1522.14         0.59        36790
           32       100000      1521.99         1.18        36794
           64       100000      1515.84         2.36        36943
          128       100000      1500.58         4.78        37318
          256       100000      1475.13         9.72        37961
          512       100000      1307.44        21.93        42830
         1024       100000      1237.38        46.34        45257
         2048       100000      1006.10       113.99        55660
         4096       100000      1099.11       208.69        50950
         8192       100000       793.29       578.28        70591
        16384        51200      2466.35       372.00        22705
        32768        25600      2798.96       655.57        20006
        65536        12800     16470.16       222.63         3397
       131072         6400     18112.11       405.23         3092
       262144         3200     13700.75      1071.21         4086
       524288         1600     24205.95      1208.22         2305
      1048576          800     28789.99      2027.29         1933
      2097152          400     34031.43      3448.75         1644
      4194304          200     59551.54      3884.94          926

#----------------------------------------------------------------
# Benchmarking Stencil2D (8 x 7)
# #processes = 56
#----------------------------------------------------------------
       #bytes #repetitions      t[usec]   Mbytes/sec      Msg/sec
            0       100000        75.21         0.00       744466
            1       100000        73.66         0.76       760264
            2       100000        72.57         1.54       771668
            4       100000        74.43         3.01       752415
            8       100000        74.19         6.04       754834
           16       100000        75.84        11.81       738360
           32       100000        73.86        24.26       758182
           64       100000        73.33        48.87       763618
          128       100000        72.74        98.54       769823
          256       100000        76.43       187.55       732635
          512       100000        88.65       323.44       631716
         1024       100000        84.27       680.39       664446
         2048       100000        88.31      1298.66       634113
         4096       100000        97.11      2361.91       576638
         8192       100000       104.27      4399.77       537081
        16384        51200       319.93      2867.55       175021
        32768        25600       403.47      4547.69       138784
        65536        12800       574.73      6385.36        97433
       131072         6400      1253.13      5856.77        44684
       262144         3200      2087.17      7031.03        26821
       524288         1600      5766.13      5084.37         9698
      1048576          800     10109.35      5806.47         5537
      2097152          400     14821.28      7879.90         3757
      4194304          200     23103.68     10128.49         2415

#----------------------------------------------------------------
# Benchmarking Stencil3D (2 x 4 x 7)
# #processes = 56
#----------------------------------------------------------------
       #bytes #repetitions      t[usec]   Mbytes/sec      Msg/sec
            0       100000       463.15         0.00       120911
            1       100000       472.03         0.12       118631
            2       100000       470.27         0.24       119079
            4       100000       470.29         0.48       119075
            8       100000       466.50         0.96       120041
           16       100000       467.41         1.92       119805
           32       100000       464.27         3.86       120619
           64       100000       493.93         7.26       113376
          128       100000       495.46        14.47       113024
          256       100000       506.67        28.29       110524
          512       100000       567.87        50.49        98614
         1024       100000       548.58       104.53       102080
         2048       100000       547.32       209.54       102315
         4096       100000       610.55       375.68        91718
         8192       100000       571.34       802.93        98014
        16384        51200       715.70      1281.95        78244
        32768        25600      1430.25      1282.98        39154
        65536        12800      4679.17       784.28        11967
       131072         6400      7443.05       986.14         7524
       262144         3200     11286.59      1300.58         4961
       524288         1600     13641.01      2148.65         4098
      1048576          800     18595.28      3155.00         3009
      2097152          400     28406.99      4128.77         1969
      4194304          200     57617.32      4066.79          970


# All processes entering MPI_Finalize

