#------------------------------------------------------------
#    Intel(R) MPI Benchmarks 2019 Update 6, IMB-P2P part
#------------------------------------------------------------
# Date                  : Sat Nov 14 03:22:01 2020
# Machine               : x86_64
# System                : Linux
# Release               : 4.18.0-193.19.1.el8_2.x86_64
# Version               : #1 SMP Wed Aug 26 15:29:02 EDT 2020
# MPI Version           : 3.1
# MPI Thread Environment:
#
# Calling sequence was:
#
# IMB-P2P
#
# List of Benchmarks to run:
#
# PingPong
# PingPing
# Unirandom
# Birandom
# Corandom
# Stencil2D
# Stencil3D
#
# Minimum message length in bytes:   0
# Maximum message length in bytes:   4194304
#

#----------------------------------------------------------------
# Benchmarking PingPong
# #processes = 56
#----------------------------------------------------------------
       #bytes #repetitions      t[usec]   Mbytes/sec      Msg/sec
            0       100000      1777.15         0.00        15660
            1       100000      1776.20         0.02        15668
            2       100000      1784.26         0.03        15598
            4       100000      1783.91         0.06        15600
            8       100000      1778.02         0.13        15651
           16       100000      1783.44         0.25        15605
           32       100000      1780.17         0.50        15634
           64       100000      1784.41         1.00        15596
          128       100000      1644.09         2.17        16916
          256       100000      1649.42         4.32        16860
          512       100000      1673.21         8.50        16606
         1024       100000      1697.72        16.76        16365
         2048       100000      1767.61        32.19        15717
         4096       100000      1771.39        64.08        15643
         8192       100000      1899.13       119.39        14574
        16384        51200      3498.22       129.30         7892
        32768        25600      5208.67       174.43         5323
        65536        12800      5596.10       318.18         4855
       131072         6400      5914.26       610.88         4661
       262144         3200     11672.82       607.08         2316
       524288         1600     13073.45      1017.14         1940
      1048576          800     23348.84      1144.64         1092
      2097152          400     46219.18      1127.39          538
      4194304          200    100294.71      1043.50          249

#----------------------------------------------------------------
# Benchmarking PingPing
# #processes = 56
#----------------------------------------------------------------
       #bytes #repetitions      t[usec]   Mbytes/sec      Msg/sec
            0       100000      2626.00         0.00        21085
            1       100000      2630.39         0.02        21076
            2       100000      2629.25         0.04        21071
            4       100000      2628.58         0.08        21098
            8       100000      2634.71         0.17        21043
           16       100000      2633.10         0.34        21046
           32       100000      2629.47         0.67        21087
           64       100000      2636.42         1.35        21024
          128       100000      2481.89         2.85        22287
          256       100000      2478.78         5.73        22383
          512       100000      2558.53        11.11        21703
         1024       100000      2583.01        22.02        21503
         2048       100000      2629.54        43.27        21127
         4096       100000      2600.68        87.38        21333
         8192       100000      2790.38       163.02        19900
        16384        51200      4919.89       184.20        11242
        32768        25600      5222.20       342.18        10442
        65536        12800      7384.56       472.69         7213
       131072         6400     15225.63       446.53         3407
       262144         3200     16000.58       876.50         3344
       524288         1600     21553.20      1140.77         2176
      1048576          800     37940.33      1295.23         1235
      2097152          400     82027.61      1223.98          584
      4194304          200    169684.46      1167.85          278

#----------------------------------------------------------------
# Benchmarking Unirandom
# #processes = 56
#----------------------------------------------------------------
       #bytes #repetitions      t[usec]   Mbytes/sec      Msg/sec
            0       100000      4057.89         0.00        13800
            1       100000      4070.95         0.01        13756
            2       100000      4078.70         0.03        13730
            4       100000      4064.79         0.06        13777
            8       100000      4078.15         0.11        13731
           16       100000      4070.95         0.22        13755
           32       100000      4078.98         0.44        13728
           64       100000      4067.05         0.88        13769
          128       100000      4019.42         1.78        13932
          256       100000      4025.83         3.56        13910
          512       100000      4275.47         6.71        13098
         1024       100000      4258.70        13.46        13149
         2048       100000      4240.05        27.05        13207
         4096       100000      4116.44        55.72        13604
         8192       100000      3987.02       115.06        14045
        16384        51200      5138.46       178.55        10898
        32768        25600      5840.97       314.14         9587
        65536        12800      8110.39       452.43         6904
       131072         6400     27130.13       270.53         2064
       262144         3200     30038.00       488.65         1864
       524288         1600     36553.76       802.97         1532
      1048576          800     49559.83      1184.40         1130
      2097152          400     73522.91      1595.71          761
      4194304          200    115685.05      2023.96          483

#----------------------------------------------------------------
# Benchmarking Birandom
# #processes = 56
#----------------------------------------------------------------
       #bytes #repetitions      t[usec]   Mbytes/sec      Msg/sec
            0       100000      3746.51         0.00        14947
            1       100000      3756.77         0.01        14906
            2       100000      3761.52         0.03        14887
            4       100000      3749.05         0.06        14937
            8       100000      3764.71         0.12        14875
           16       100000      3752.28         0.24        14924
           32       100000      3765.15         0.48        14873
           64       100000      3756.78         0.95        14906
          128       100000      3751.83         1.91        14926
          256       100000      3760.89         3.81        14890
          512       100000      3964.01         7.23        14127
         1024       100000      3964.06        14.47        14127
         2048       100000      3928.94        29.19        14253
         4096       100000      3871.29        59.25        14465
         8192       100000      3805.87       120.54        14714
        16384        51200      4872.77       188.29        11492
        32768        25600      5557.87       330.15        10075
        65536        12800      6422.73       571.39         8719
       131072         6400     15933.06       460.66         3515
       262144         3200     22826.04       643.01         2453
       524288         1600     26407.81      1111.54         2120
      1048576          800     38936.53      1506.77         1437
      2097152          400     62583.86      1873.73          893
      4194304          200    101275.57      2313.47          552

#----------------------------------------------------------------
# Benchmarking Corandom
# #processes = 56
#----------------------------------------------------------------
       #bytes #repetitions      t[usec]   Mbytes/sec      Msg/sec
            0       100000      2870.63         0.00        19507
            1       100000      2883.65         0.02        19419
            2       100000      2873.07         0.04        19491
            4       100000      2873.59         0.08        19488
            8       100000      2873.97         0.16        19485
           16       100000      2876.52         0.31        19468
           32       100000      2878.63         0.62        19453
           64       100000      2876.15         1.25        19470
          128       100000      2849.03         2.52        19655
          256       100000      2846.97         5.04        19670
          512       100000      2891.65         9.92        19365
         1024       100000      2884.34        19.88        19415
         2048       100000      2862.10        40.07        19566
         4096       100000      2766.05        82.92        20245
         8192       100000      2714.04       169.02        20633
        16384        51200      3371.36       272.14        16610
        32768        25600      3866.25       474.57        14483
        65536        12800     13630.85       269.23         4108
       131072         6400     30761.31       238.56         1820
       262144         3200     15493.37       947.27         3614
       524288         1600     17634.57      1664.12         3174
      1048576          800     26603.37      2205.93         2104
      2097152          400     53913.81      2176.41         1038
      4194304          200    130450.95      1796.05          428

#----------------------------------------------------------------
# Benchmarking Stencil2D (8 x 7)
# #processes = 56
#----------------------------------------------------------------
       #bytes #repetitions      t[usec]   Mbytes/sec      Msg/sec
            0       100000       765.29         0.00        73171
            1       100000       761.49         0.07        73539
            2       100000       759.54         0.15        73726
            4       100000       746.09         0.30        75053
            8       100000       759.19         0.59        73760
           16       100000       762.11         1.18        73477
           32       100000       731.52         2.45        76551
           64       100000       754.02         4.75        74266
          128       100000       765.37         9.37        73167
          256       100000       746.37        19.21        75026
          512       100000       626.91        45.73        89325
         1024       100000       598.99        95.73        93489
         2048       100000       548.62       209.05       102075
         4096       100000       514.40       445.90       108862
         8192       100000       464.47       987.68       120566
        16384        51200      1158.85       791.73        48323
        32768        25600      1156.52      1586.55        48418
        65536        12800      1384.14      2650.87        40449
       131072         6400      3155.92      2325.55        17743
       262144         3200      3989.33      3678.20        14031
       524288         1600      4627.58      6339.88        12092
      1048576          800      6981.19      8400.94         8012
      2097152          400     18420.89      6364.31         3035
      4194304          200     39800.31      5891.81         1405

#----------------------------------------------------------------
# Benchmarking Stencil3D (2 x 4 x 7)
# #processes = 56
#----------------------------------------------------------------
       #bytes #repetitions      t[usec]   Mbytes/sec      Msg/sec
            0       100000       931.14         0.00        60141
            1       100000       933.17         0.06        60009
            2       100000       932.12         0.12        60077
            4       100000       932.72         0.24        60038
            8       100000       929.32         0.48        60258
           16       100000       932.24         0.96        60069
           32       100000       934.37         1.92        59932
           64       100000       931.19         3.85        60137
          128       100000       935.29         7.66        59873
          256       100000       935.47        15.32        59862
          512       100000       952.96        30.09        58763
         1024       100000       955.64        60.00        58598
         2048       100000       962.57       119.15        58176
         4096       100000       958.94       239.19        58397
         8192       100000       965.24       475.27        58016
        16384        51200      1069.70       857.69        52349
        32768        25600      3983.69       460.62        14057
        65536        12800      6776.76       541.55         8263
       131072         6400     10466.59       701.24         5350
       262144         3200     10305.80      1424.32         5433
       524288         1600     18552.94      1582.30         3018
      1048576          800     33849.84      1734.15         1654
      2097152          400     56211.46      2087.68          995
      4194304          200     98323.80      2386.02          569


# All processes entering MPI_Finalize

