#------------------------------------------------------------
#    Intel(R) MPI Benchmarks 2019 Update 6, IMB-P2P part
#------------------------------------------------------------
# Date                  : Sat Nov 14 03:13:00 2020
# Machine               : x86_64
# System                : Linux
# Release               : 4.18.0-193.19.1.el8_2.x86_64
# Version               : #1 SMP Wed Aug 26 15:29:02 EDT 2020
# MPI Version           : 3.1
# MPI Thread Environment:
#
# Calling sequence was:
#
# IMB-P2P
#
# List of Benchmarks to run:
#
# PingPong
# PingPing
# Unirandom
# Birandom
# Corandom
# Stencil2D
# Stencil3D
#
# Minimum message length in bytes:   0
# Maximum message length in bytes:   4194304
#

#----------------------------------------------------------------
# Benchmarking PingPong
# #processes = 2
#----------------------------------------------------------------
       #bytes #repetitions      t[usec]   Mbytes/sec      Msg/sec
            0       100000        25.55         0.00        39133
            1       100000        24.36         0.04        41044
            2       100000        24.33         0.08        41096
            4       100000        24.40         0.16        40980
            8       100000        24.41         0.33        40964
           16       100000        24.37         0.66        41033
           32       100000        24.35         1.31        41067
           64       100000        24.42         2.62        40952
          128       100000        25.46         5.03        39270
          256       100000        25.63         9.99        39012
          512       100000        28.36        18.05        35261
         1024       100000        28.86        35.48        34652
         2048       100000        30.71        66.69        32561
         4096       100000        34.81       117.67        28728
         8192       100000        39.85       205.56        25092
        16384        51200        58.41       280.50        17121
        32768        25600        80.55       406.79        12414
        65536        12800       120.58       543.52         8293
       131072         6400       230.37       568.96         4341
       262144         3200       320.70       817.40         3118
       524288         1600       438.00      1197.00         2283
      1048576          800       846.25      1239.08         1182
      2097152          400      1435.68      1460.70          697
      4194304          200      2289.44      1831.89          437

#----------------------------------------------------------------
# Benchmarking PingPing
# #processes = 2
#----------------------------------------------------------------
       #bytes #repetitions      t[usec]   Mbytes/sec      Msg/sec
            0       100000        26.42         0.00        75710
            1       100000        26.10         0.08        76618
            2       100000        26.24         0.15        76223
            4       100000        26.21         0.31        76301
            8       100000        26.24         0.61        76215
           16       100000        26.59         1.20        75205
           32       100000        27.03         2.37        73999
           64       100000        26.30         4.87        76049
          128       100000        27.26         9.39        73357
          256       100000        27.88        18.37        71746
          512       100000        30.26        33.84        66093
         1024       100000        30.83        66.44        64880
         2048       100000        31.79       128.84        62909
         4096       100000        35.45       231.11        56424
         8192       100000        40.56       403.98        49314
        16384        51200        57.54       569.45        34756
        32768        25600        90.65       722.97        22063
        65536        12800       149.42       877.17        13385
       131072         6400       283.04       926.14         7066
       262144         3200       331.68      1580.68         6030
       524288         1600       551.72      1900.54         3625
      1048576          800       973.84      2153.47         2054
      2097152          400      1757.60      2386.33         1138
      4194304          200      3320.91      2525.99          602

#----------------------------------------------------------------
# Benchmarking Unirandom
# #processes = 2
#----------------------------------------------------------------
       #bytes #repetitions      t[usec]   Mbytes/sec      Msg/sec
            0       100000        43.78         0.00        45688
            1       100000        43.12         0.05        46387
            2       100000        43.08         0.09        46423
            4       100000        43.10         0.19        46405
            8       100000        43.11         0.37        46394
           16       100000        43.11         0.74        46390
           32       100000        42.98         1.49        46531
           64       100000        43.11         2.97        46388
          128       100000        44.86         5.71        44584
          256       100000        45.44        11.27        44012
          512       100000        51.24        19.98        39031
         1024       100000        51.72        39.60        38667
         2048       100000        53.39        76.71        37458
         4096       100000        57.92       141.43        34528
         8192       100000        64.30       254.80        31103
        16384        51200        97.60       335.74        20492
        32768        25600       140.83       465.36        14202
        65536        12800       218.68       599.36         9146
       131072         6400       385.48       680.03         5188
       262144         3200       634.82       825.89         3151
       524288         1600       933.34      1123.47         2143
      1048576          800      1495.11      1402.67         1338
      2097152          400      2523.50      1662.09          793
      4194304          200      4596.75      1824.78          435

#----------------------------------------------------------------
# Benchmarking Birandom
# #processes = 2
#----------------------------------------------------------------
       #bytes #repetitions      t[usec]   Mbytes/sec      Msg/sec
            0       100000        31.79         0.00        62910
            1       100000        31.48         0.06        63540
            2       100000        31.19         0.13        64113
            4       100000        31.08         0.26        64355
            8       100000        31.10         0.51        64314
           16       100000        31.34         1.02        63825
           32       100000        31.66         2.02        63163
           64       100000        31.63         4.05        63227
          128       100000        32.19         7.95        62126
          256       100000        32.42        15.79        61698
          512       100000        34.56        29.63        57862
         1024       100000        35.12        58.32        56953
         2048       100000        36.29       112.87        55111
         4096       100000        40.01       204.77        49993
         8192       100000        46.27       354.13        43229
        16384        51200        64.98       504.26        30778
        32768        25600        97.26       673.85        20564
        65536        12800       154.45       848.62        12949
       131072         6400       276.72       947.31         7227
       262144         3200       343.83      1524.84         5817
       524288         1600       554.70      1890.35         3606
      1048576          800       968.44      2165.49         2065
      2097152          400      1705.27      2459.58         1173
      4194304          200      3304.45      2538.57          605

#----------------------------------------------------------------
# Benchmarking Corandom
# #processes = 2
#----------------------------------------------------------------
       #bytes #repetitions      t[usec]   Mbytes/sec      Msg/sec
            0       100000        31.96         0.00        62584
            1       100000        31.40         0.06        63685
            2       100000        31.24         0.13        64022
            4       100000        31.16         0.26        64175
            8       100000        31.22         0.51        64071
           16       100000        31.42         1.02        63654
           32       100000        31.23         2.05        64037
           64       100000        31.51         4.06        63476
          128       100000        32.26         7.94        61992
          256       100000        32.44        15.78        61648
          512       100000        34.66        29.54        57699
         1024       100000        35.30        58.02        56664
         2048       100000        36.44       112.40        54884
         4096       100000        40.02       204.69        49973
         8192       100000        45.32       361.50        44129
        16384        51200        65.88       497.38        30358
        32768        25600        98.54       665.08        20297
        65536        12800       158.10       829.06        12650
       131072         6400       290.92       901.07         6875
       262144         3200       346.67      1512.34         5769
       524288         1600       564.40      1857.80         3543
      1048576          800       986.36      2126.10         2028
      2097152          400      1766.82      2373.88         1132
      4194304          200      3353.49      2501.38          596

# !! Benchmark Stencil2D is invalid for 2 processes !!

# !! Benchmark Stencil3D is invalid for 2 processes !!


# All processes entering MPI_Finalize

