#------------------------------------------------------------
#    Intel(R) MPI Benchmarks 2019 Update 6, IMB-P2P part
#------------------------------------------------------------
# Date                  : Sat Nov 14 20:08:48 2020
# Machine               : x86_64
# System                : Linux
# Release               : 4.18.0-193.19.1.el8_2.x86_64
# Version               : #1 SMP Wed Aug 26 15:29:02 EDT 2020
# MPI Version           : 3.1
# MPI Thread Environment:
#
# Calling sequence was:
#
# IMB-P2P
#
# List of Benchmarks to run:
#
# PingPong
# PingPing
# Unirandom
# Birandom
# Corandom
# Stencil2D
# Stencil3D
#
# Minimum message length in bytes:   0
# Maximum message length in bytes:   4194304
#

#----------------------------------------------------------------
# Benchmarking PingPong
# #processes = 2
#----------------------------------------------------------------
       #bytes #repetitions      t[usec]   Mbytes/sec      Msg/sec
            0       100000        33.92         0.00        29483
            1       100000        33.17         0.03        30145
            2       100000        33.24         0.06        30086
            4       100000        33.33         0.12        30000
            8       100000        33.24         0.24        30088
           16       100000        33.35         0.48        29984
           32       100000        33.33         0.96        30002
           64       100000        33.66         1.90        29710
          128       100000        33.86         3.78        29535
          256       100000        34.42         7.44        29054
          512       100000        37.58        13.62        26609
         1024       100000        39.26        26.08        25472
         2048       100000        43.15        47.47        23177
         4096       100000        51.49        79.55        19422
         8192       100000        63.89       128.21        15651
        16384        51200        97.12       168.70        10297
        32768        25600       123.78       264.72         8079
        65536        12800       163.49       400.85         6117
       131072         6400       260.01       504.09         3846
       262144         3200       419.39       625.06         2384
       524288         1600       654.15       801.48         1529
      1048576          800      1129.55       928.31          885
      2097152          400      2100.50       998.39          476
      4194304          200      4006.11      1046.94          250

#----------------------------------------------------------------
# Benchmarking PingPing
# #processes = 2
#----------------------------------------------------------------
       #bytes #repetitions      t[usec]   Mbytes/sec      Msg/sec
            0       100000        34.88         0.00        57340
            1       100000        34.75         0.06        57550
            2       100000        34.78         0.11        57497
            4       100000        34.75         0.23        57553
            8       100000        34.86         0.46        57376
           16       100000        35.00         0.91        57144
           32       100000        35.08         1.82        57008
           64       100000        35.50         3.61        56335
          128       100000        37.13         6.89        53865
          256       100000        39.26        13.04        50943
          512       100000        45.62        22.44        43836
         1024       100000        57.48        35.63        34795
         2048       100000        65.66        62.38        30458
         4096       100000        66.30       123.56        30166
         8192       100000        66.87       245.00        29907
        16384        51200       104.16       314.59        19201
        32768        25600       131.16       499.66        15248
        65536        12800       179.18       731.49        11162
       131072         6400       286.77       914.13         6974
       262144         3200       482.77      1085.99         4143
       524288         1600       733.90      1428.74         2725
      1048576          800      1240.32      1690.77         1612
      2097152          400      2236.21      1875.58          894
      4194304          200      4304.92      1948.49          465

#----------------------------------------------------------------
# Benchmarking Unirandom
# #processes = 2
#----------------------------------------------------------------
       #bytes #repetitions      t[usec]   Mbytes/sec      Msg/sec
            0       100000        48.89         0.00        40911
            1       100000        48.91         0.04        40895
            2       100000        48.92         0.08        40885
            4       100000        48.98         0.16        40830
            8       100000        49.03         0.33        40792
           16       100000        49.60         0.65        40326
           32       100000        50.21         1.27        39831
           64       100000        50.97         2.51        39241
          128       100000        53.95         4.74        37069
          256       100000        55.90         9.16        35775
          512       100000        55.43        18.47        36080
         1024       100000        56.44        36.29        35438
         2048       100000        58.67        69.81        34088
         4096       100000        66.88       122.48        29902
         8192       100000        82.49       198.62        24245
        16384        51200       117.99       277.70        16950
        32768        25600       161.05       406.92        12418
        65536        12800       247.23       530.15         8089
       131072         6400       411.70       636.72         4858
       262144         3200       847.71       618.47         2359
       524288         1600      1321.45       793.51         1513
      1048576          800      2257.03       929.16          886
      2097152          400      4155.48      1009.34          481
      4194304          200      7906.45      1060.94          253

#----------------------------------------------------------------
# Benchmarking Birandom
# #processes = 2
#----------------------------------------------------------------
       #bytes #repetitions      t[usec]   Mbytes/sec      Msg/sec
            0       100000        34.78         0.00        57511
            1       100000        34.72         0.06        57604
            2       100000        34.74         0.12        57566
            4       100000        34.75         0.23        57557
            8       100000        34.76         0.46        57531
           16       100000        34.87         0.92        57355
           32       100000        35.02         1.83        57108
           64       100000        35.28         3.63        56682
          128       100000        36.99         6.92        54071
          256       100000        39.28        13.04        50921
          512       100000        45.65        22.43        43809
         1024       100000        57.48        35.63        34793
         2048       100000        65.65        62.39        30465
         4096       100000        66.28       123.60        30176
         8192       100000        68.97       237.54        28997
        16384        51200       104.23       314.38        19189
        32768        25600       132.05       496.30        15146
        65536        12800       176.61       742.14        11324
       131072         6400       278.10       942.62         7192
       262144         3200       473.94      1106.22         4220
       524288         1600       720.74      1454.87         2775
      1048576          800      1226.73      1709.52         1630
      2097152          400      2215.53      1893.10          903
      4194304          200      4252.88      1972.38          470

#----------------------------------------------------------------
# Benchmarking Corandom
# #processes = 2
#----------------------------------------------------------------
       #bytes #repetitions      t[usec]   Mbytes/sec      Msg/sec
            0       100000        34.77         0.00        57517
            1       100000        34.72         0.06        57596
            2       100000        34.70         0.12        57645
            4       100000        34.77         0.23        57520
            8       100000        34.85         0.46        57390
           16       100000        34.95         0.92        57229
           32       100000        35.02         1.83        57112
           64       100000        35.34         3.62        56586
          128       100000        36.97         6.92        54091
          256       100000        39.30        13.03        50894
          512       100000        45.56        22.48        43899
         1024       100000        57.49        35.62        34787
         2048       100000        65.65        62.39        30465
         4096       100000        66.47       123.24        30089
         8192       100000        67.19       243.84        29765
        16384        51200       104.35       314.03        19167
        32768        25600       131.51       498.33        15208
        65536        12800       178.70       733.48        11192
       131072         6400       289.63       905.11         6905
       262144         3200       481.49      1088.89         4154
       524288         1600       731.25      1433.92         2735
      1048576          800      1246.13      1682.91         1605
      2097152          400      2235.08      1876.58          895
      4194304          200      4313.45      1944.71          464

# !! Benchmark Stencil2D is invalid for 2 processes !!

# !! Benchmark Stencil3D is invalid for 2 processes !!


# All processes entering MPI_Finalize

